481
227
226
45
254
131
769
475
471
792
639
778
791
239
774
362
53
191
712
14
213
724
604
629
260
482
714
616
73
677
476
190
361
290
584
277
340
586
536
696
280
480
491
92
324
199
525
707
592
364
2
112
209
546
595
505
248
240
352
392
265
86
140
722
418
150
515
776
303
31
591
680
528
93
739
405
544
450
332
423
692
96
618
169
8
330
143
287
630
429
164
11
717
511
195
689
88
735
580
181
426
708
767
369
121
554
264
29
278
197
455
466
703
12
443
651
15
596
422
782
284
705
156
583
155
118
445
697
454
307
742
632
349
196
262
214
276
607
87
740
77
308
503
246
383
670
129
529
492
3
353
551
512
97
745
18
438
60
30
581
748
436
788
10
557
770
56
399
407
693
440
16
334
333
765
461
587
704
102
153
733
398
261
347
75
343
566
794
68
506
676
279
451
220
270
72
125
477
33
608
117
223
548
250
346
799
459
468
597
41
761
335
715
545
635
251
313
328
702
636
622
744
100
269
507
218
412
419
701
49
228
48
64
257
126
500
104
417
404
230
145
39
147
402
470
356
538
411
225
777
9
772
391
590
572
771
205
106
390
259
160
345
763
22
171
216
44
737
728
754
773
198
24
365
141
128
490
588
163
726
357
612
427
653
137
127
5
188
130
89
420
577
524
408
202
173
258
764
337
571
51
786
21
690
565
46
114
785
232
694
667
299
664
203
298
430
350
758
489
322
447
206
151
410
331
266
316
351
738
32
85
449
686
730
589
393
711
434
594
7
348
520
663
495
431
716
483
105
638
655
397
641
207
295
267
135
736
498
526
71
752
800
406
615
103
182
713
339
301
376
725
421
617
787
518
435
579
473
516
527
550
27
17
576
342
161
57
453
691
300
385
598
229
124
231
749
80
519
675
358
