1.45
1.459
1.493
1.443
1.485
1.456
1.433
1.479
1.433
1.548
1.454
1.585
1.392
1.454
1.474
1.428
1.485
1.435
1.487
1.438
1.537
1.426
1.701
1.509
1.386
1.433
1.523
1.464
1.474
1.59
1.485
1.279
1.389
1.553
1.435
1.381
1.412
1.363
1.474
1.454
1.479
1.495
1.59
1.541
1.506
1.485
1.412
1.335
1.433
1.545
1.485
1.558
1.392
1.34
1.569
1.548
1.601
1.558
1.48
1.474
1.479
1.433
1.39
1.682
1.351
1.521
1.373
1.454
1.572
1.511
1.454
1.388
1.474
1.495
1.59
1.443
1.474
1.471
1.471
1.55
1.284
1.485
1.317
1.378
1.579
1.633
1.326
1.521
1.454
1.456
1.479
1.55
1.464
1.433
1.495
1.274
1.708
1.563
1.485
1.428
1.485
1.469
1.443
1.464
1.474
1.361
1.386
1.426
1.597
1.289
1.477
1.286
1.485
1.474
1.389
1.601
1.521
1.485
1.262
1.412
1.443
1.412
1.417
1.354
1.454
1.441
1.59
1.482
1.474
1.371
1.485
1.548
1.485
1.474
1.464
1.49
1.508
1.438
1.493
1.337
1.464
1.407
1.389
1.485
1.485
1.516
1.492
1.367
1.593
1.495
1.464
1.461
1.487
1.481
1.583
1.541
1.489
1.412
1.699
1.527
1.495
1.474
1.594
1.49
1.392
1.443
1.485
1.361
1.468
1.384
1.569
1.371
1.464
1.474
1.558
1.412
1.412
1.361
1.516
1.323
1.458
1.485
1.392
1.506
1.506
1.511
1.483
1.361
1.381
1.388
1.563
1.469
1.601
1.625
1.422
1.487
1.495
1.548
1.45
1.59
1.457
1.417
1.495
1.454
1.389
1.441
1.581
1.495
1.379
1.555
1.385
1.474
1.381
1.527
1.447
1.454
1.435
1.601
1.561
1.456
1.454
1.477
1.485
1.485
1.485
1.601
1.476
1.374
1.464
1.485
1.461
1.443
1.464
1.63
1.443
1.467
1.495
1.537
1.464
1.402
1.488
1.347
1.487
1.516
1.361
1.469
1.422
1.579
1.351
1.548
1.537
1.586
1.402
1.371
1.569
1.495
1.457
1.495
1.443
1.351
1.467
1.479
1.479
1.53
1.346
1.545
1.381
1.516
1.436
1.479
1.541
1.404
1.625
1.506
1.487
1.381
1.529
1.469
1.527
1.456
1.527
1.392
1.558
1.402
1.53
1.485
1.32
1.392
1.548
1.33
1.392
1.485
1.381
1.495
1.454
1.488
1.381
1.361
1.537
1.392
1.412
1.516
1.412
1.569
1.361
1.474
1.506
1.467
1.279
1.516
1.371
1.59
1.474
1.451
1.635
1.383
1.454
1.495
1.454
1.489
1.454
1.402
1.537
1.371
1.381
1.422
1.469
1.459
1.387
1.601
1.464
1.417
1.49
1.59
1.476
1.415
1.392
1.477
1.279
1.402
1.643
1.527
1.558
1.492
1.361
1.527
1.595
1.392
1.474
1.563
1.355
1.665
1.537
1.447
1.551
1.506
1.392
1.485
1.405
1.381
1.279
1.495
1.576
1.478
1.389
1.427
1.537
1.59
1.485
1.461
1.279
1.506
1.532
1.45
1.485
1.386
1.478
1.506
1.542
1.385
1.414
1.461
1.374
1.392
1.385
1.495
1.477
1.454
1.469
1.385
1.454
1.492
1.548
1.548
1.583
1.367
1.422
1.464
1.489
1.548
1.474
1.493
1.474
1.381
1.454
1.492
1.464
1.461
1.481
1.55
1.541
1.347
1.464
1.569
1.433
1.455
1.485
1.516
1.49
1.561
1.449
1.422
1.412
1.461
1.435
1.459
1.404
1.49
1.457
1.443
1.601
1.436
1.548
1.474
1.583
1.433
1.59
1.376
1.361
1.464
1.469
1.471
1.427
1.56
1.479
1.433
1.361
1.481
1.487
1.459
1.446
1.593
1.412
1.409
1.542
1.479
1.495
1.469
1.562
1.343
1.601
1.479
1.49
1.53
1.422
1.485
1.381
1.558
1.483
1.485
1.49
1.558
1.363
1.427
1.467
1.426
1.558
1.464
1.289
1.548
1.422
1.474
1.422
1.537
1.381
1.479
1.447
1.425
1.386
1.485
1.511
1.495
1.569
1.386
1.492
1.422
1.392
1.351
1.548
1.633
1.464
1.485
1.472
1.478
1.629
1.386
1.516
1.55
1.488
1.558
1.562
1.474
1.474
1.356
1.388
1.485
1.459
1.485
1.541
1.458
1.454
1.49
1.563
1.579
1.488
1.422
1.509
1.422
1.464
1.344
1.558
1.485
1.464
1.422
1.374
1.34
1.611
1.493
1.485
1.492
1.529
1.506
1.459
1.392
1.592
1.506
1.582
1.474
1.461
1.529
1.461
1.361
1.381
1.548
1.405
1.385
1.527
1.389
1.485
1.422
1.384
1.495
1.495
1.485
1.443
1.389
1.389
1.563
1.457
1.289
1.537
1.49
1.361
1.474
1.569
1.443
1.495
1.579
1.643
1.527
1.49
1.409
1.495
1.516
1.485
1.495
1.392
1.412
1.417
1.579
1.49
1.495
1.492
1.361
1.541
1.381
1.454
1.601
1.485
1.558
1.389
1.446
1.392
1.45
1.519
1.436
1.579
1.459
1.469
1.537
1.493
1.585
1.493
1.553
1.474
1.457
1.527
1.479
1.601
1.412
1.601
1.558
1.407
1.323
1.492
1.392
1.534
1.381
1.485
1.495
1.392
1.49
1.485
1.593
1.49
1.392
1.381
1.447
1.474
1.279
1.392
1.388
1.485
1.601
1.542
1.495
1.529
1.493
1.495
1.513
1.284
1.39
1.433
1.537
1.34
1.317
1.461
1.601
1.708
1.49
1.392
1.435
1.495
1.579
1.506
1.478
1.516
1.478
1.351
1.458
1.404
1.392
1.479
1.485
1.388
1.469
1.385
1.354
1.289
1.481
1.59
1.435
1.579
1.366
1.367
1.487
1.454
1.474
1.482
1.478
1.459
1.506
1.454
1.495
1.541
1.579
1.478
1.438
1.456
1.516
1.441
1.367
1.563
1.49
1.433
1.454
1.361
1.428
1.55
1.385
1.477
1.529
1.392
1.55
1.388
1.474
1.454
1.585
1.392
1.478
1.443
1.454
1.506
1.658
1.454
1.451
1.495
1.371
1.485
1.456
1.412
1.618
1.49
1.368
1.426
1.577
1.55
1.527
1.392
1.443
1.495
1.495
1.471
1.485
1.32
1.392
1.506
1.438
1.708
1.381
1.485
1.485
1.487
1.594
1.495
1.351
1.492
1.386
1.457
1.417
1.592
1.412
1.433
1.49
1.416
1.438
1.55
1.459
1.485
1.279
1.428
1.426
1.493
1.495
1.55
1.325
1.454
1.392
1.433
1.474
1.392
1.59
1.445
1.371
1.381
1.459
1.52
1.371
1.49
1.482
1.443
1.392
1.529
1.379
1.493
1.392
1.548
1.519
1.527
1.468
1.506
1.443
1.561
1.495
1.512
1.495
1.495
1.474
1.585
1.433
1.56
1.474
1.635
1.449
1.479
1.474
1.583
1.45
1.474
1.287
1.485
1.69
1.383
1.582
1.487
1.548
1.436
1.433
1.433
1.569
1.474
1.347
1.476
1.59
1.474
1.386
1.283
1.474
1.443
1.477
1.478
1.569
1.422
1.367
1.347
1.537
1.34
1.665
1.519
1.392
1.376
1.371
1.583
1.492
1.454
1.553
1.537
1.422
1.347
1.587
1.488
1.513
1.286
1.381
1.537
1.445
1.082
1.388
1.492
1.374
1.553
1.479
1.387
1.495
1.488
1.548
1.516
1.485
1.479
1.184
1.488
1.376
1.541
1.593
1.485
1.39
1.542
1.495
1.488
1.537
1.649
1.412
1.579
1.183
1.516
1.569
1.451
1.49
1.464
1.376
1.284
1.422
1.485
1.438
1.285
