1.438
1.51
1.443
1.54
1.562
1.412
1.428
1.495
1.542
1.485
1.485
1.516
1.622
1.539
1.495
1.537
1.407
1.381
1.378
1.485
1.381
1.579
1.635
1.488
1.284
1.467
1.392
1.548
1.495
1.386
1.427
1.429
1.474
1.422
1.371
1.569
1.392
1.353
1.409
1.381
1.601
1.464
1.363
1.537
1.464
1.479
1.594
1.479
1.381
1.409
1.454
1.474
1.454
1.537
1.381
1.433
1.476
1.417
1.508
1.479
1.439
1.479
1.485
1.366
1.438
1.306
1.495
1.419
1.383
1.49
1.569
1.485
1.446
1.371
1.485
1.392
1.579
1.703
1.558
1.385
1.371
1.474
1.562
1.376
1.404
1.464
1.493
1.558
1.459
1.488
1.464
1.622
1.49
1.477
1.495
1.392
1.579
1.371
1.467
1.495
1.622
1.482
1.459
1.491
1.422
1.388
1.454
1.485
1.412
1.376
1.59
1.429
1.384
1.371
1.66
1.459
1.429
1.55
1.495
1.474
1.485
1.495
1.33
1.389
1.495
1.537
1.516
1.474
1.363
1.381
1.633
1.462
1.389
1.474
1.537
1.541
1.533
1.492
1.562
1.49
1.569
1.429
1.34
1.422
1.464
1.392
1.495
1.353
1.495
1.65
1.601
1.469
1.59
1.622
1.474
1.537
1.459
1.485
1.464
1.447
1.485
1.495
1.459
1.34
1.537
1.283
1.433
1.611
1.478
1.392
1.533
1.537
1.449
1.491
1.654
1.485
1.427
1.495
1.474
1.443
1.381
1.492
1.449
1.376
1.351
1.537
1.361
1.479
1.56
1.361
1.416
1.495
1.327
1.562
1.376
1.569
1.593
1.384
1.472
1.454
1.563
1.53
1.381
1.443
1.471
1.438
1.577
1.454
1.485
1.513
1.454
1.595
1.633
1.454
1.529
1.426
1.485
1.374
1.433
1.548
1.485
1.464
1.454
1.407
1.433
1.495
1.409
1.485
1.474
1.422
1.464
1.533
1.495
1.454
1.402
1.392
1.361
1.495
1.563
1.474
1.527
1.392
1.428
1.583
1.537
1.579
1.506
1.454
1.491
1.459
1.454
1.467
1.443
1.521
1.49
1.457
1.454
1.495
1.495
1.412
1.443
1.601
1.561
1.516
1.59
1.466
