1.387
1.443
1.474
1.539
1.495
1.601
1.527
1.464
1.456
1.443
1.451
1.485
1.422
1.392
1.495
1.378
1.474
1.487
1.558
1.474
1.633
1.474
1.371
1.422
1.454
1.611
1.433
1.487
1.461
1.492
1.402
1.49
1.52
1.541
1.516
1.537
1.572
1.495
1.422
1.516
1.569
1.527
1.558
1.508
1.443
1.571
1.54
1.464
1.435
1.443
1.461
1.433
1.428
1.483
1.548
1.428
1.422
1.39
1.495
1.454
1.412
1.428
1.495
1.443
1.485
1.439
1.379
1.467
1.614
1.49
1.485
1.371
1.495
1.579
1.492
1.548
1.537
1.447
1.485
1.447
1.488
1.474
1.387
1.392
1.402
1.537
1.595
1.32
1.402
1.447
1.506
1.532
1.279
1.59
1.402
1.495
1.511
1.481
1.527
1.454
1.392
1.548
1.654
1.454
1.495
1.464
1.371
1.563
1.351
1.464
1.579
1.548
1.569
1.506
1.509
1.404
1.422
1.521
1.488
1.512
1.527
1.611
1.443
1.392
1.479
1.574
1.416
1.412
1.449
1.537
1.407
1.506
1.485
1.506
1.364
1.54
1.49
1.469
1.386
1.527
1.485
1.519
1.485
1.516
1.601
1.467
1.447
1.485
1.516
1.425
1.645
1.464
1.495
1.361
1.422
1.474
1.374
1.474
1.55
1.495
1.485
1.558
1.284
1.459
1.527
1.389
1.492
1.485
1.562
1.474
1.474
1.422
1.511
1.474
1.443
1.485
1.555
1.478
1.451
1.676
1.381
1.569
1.521
1.648
1.474
1.464
1.464
1.381
1.456
1.474
1.52
1.548
1.527
1.422
1.415
1.479
1.542
1.381
1.495
1.495
1.392
1.381
1.487
1.573
1.486
1.495
1.392
1.558
1.361
1.381
1.492
1.381
1.436
1.485
1.489
1.585
1.422
1.284
1.373
1.529
1.422
1.363
1.392
1.353
1.511
1.527
1.561
1.381
1.485
1.474
1.469
1.333
1.485
1.516
1.474
1.527
1.52
1.467
1.392
1.488
1.495
1.433
1.392
1.433
1.461
1.485
1.537
1.351
1.474
1.495
1.495
1.436
1.485
1.429
1.528
1.384
1.495
1.443
1.361
1.542
1.487
1.495
1.53
1.381
1.392
1.464
1.495
1.485
1.488
1.516
1.386
1.373
1.482
1.371
1.542
1.361
1.343
1.474
1.416
1.422
1.474
1.593
1.572
1.506
1.485
1.392
1.586
1.481
1.485
1.474
1.474
1.569
1.407
1.386
1.569
1.464
1.412
1.456
1.474
1.537
1.354
1.438
1.381
1.431
1.412
1.485
1.443
1.516
1.569
1.454
1.443
1.495
1.571
1.344
1.383
1.508
1.422
1.506
1.367
1.436
1.474
1.386
1.274
1.516
1.482
1.381
1.366
1.488
1.464
1.422
1.361
1.485
1.495
1.33
1.419
1.464
1.534
1.386
1.479
1.464
1.407
1.479
1.424
1.479
1.454
1.561
1.562
1.386
1.443
1.579
1.472
1.479
1.422
1.495
1.433
1.467
1.392
1.474
1.532
1.469
1.485
1.392
1.478
1.534
1.392
1.443
1.516
1.622
1.392
1.485
1.495
1.454
1.381
1.506
1.527
1.487
1.436
1.548
1.479
1.392
1.422
1.49
1.325
1.581
1.553
1.381
1.579
1.443
1.574
1.583
1.474
1.422
1.524
1.474
1.392
1.39
1.412
1.474
1.392
1.386
1.506
1.474
1.433
1.385
1.569
1.361
1.569
1.443
1.443
1.586
1.495
1.467
1.558
1.428
1.558
1.438
1.39
1.558
1.485
1.485
1.371
1.454
1.495
1.479
1.52
1.516
1.516
1.516
1.569
1.558
1.392
1.364
1.42
1.561
1.409
1.582
1.436
1.354
1.537
1.532
1.474
1.385
1.425
1.392
1.454
1.521
1.366
1.485
1.464
1.464
1.598
1.388
1.493
1.366
1.474
1.474
1.392
1.407
1.422
1.53
1.594
1.485
1.495
1.407
1.49
1.482
1.361
1.469
1.539
1.495
1.611
1.464
1.506
1.529
1.542
1.433
1.539
1.363
1.492
1.388
1.506
1.569
1.485
1.495
1.485
1.527
1.493
1.468
1.443
1.579
1.485
1.376
1.412
1.52
1.402
1.443
1.485
1.46
1.485
1.516
1.485
1.435
1.469
1.457
1.371
1.392
1.428
1.495
1.588
1.443
1.304
1.474
1.531
1.537
1.495
1.537
1.443
1.558
1.506
1.482
1.506
1.537
1.495
1.558
1.53
1.531
1.351
1.601
1.541
1.457
1.49
1.506
1.562
1.59
1.474
1.478
1.643
1.381
1.371
1.579
1.527
1.464
1.433
1.474
1.527
1.367
1.506
1.485
1.495
1.601
1.601
1.548
1.478
1.601
1.474
1.428
1.489
1.537
1.489
1.477
1.521
1.511
1.481
1.521
1.558
1.485
1.474
1.44
1.565
1.42
1.569
1.532
1.457
1.392
1.386
1.479
1.374
1.449
1.459
1.49
1.381
1.52
1.433
1.333
1.464
1.495
1.392
1.446
1.454
1.464
1.482
1.443
1.443
1.34
1.489
1.356
1.392
1.454
1.49
1.474
1.346
1.585
1.433
1.506
1.474
1.427
1.45
1.485
1.495
1.469
1.477
1.516
1.469
1.523
1.433
1.371
1.485
1.487
1.392
1.437
1.384
1.494
1.454
1.388
1.351
1.558
1.558
1.488
1.633
1.592
1.464
1.478
1.373
1.563
1.537
1.548
1.366
1.572
1.381
1.474
1.426
1.481
1.388
1.495
1.479
1.422
1.622
1.527
1.478
1.456
1.412
1.361
1.454
1.481
1.474
1.471
1.509
1.506
1.402
1.516
1.438
1.532
1.34
1.371
1.34
1.335
1.569
1.452
1.457
1.511
1.443
1.412
1.537
