1.697
1.361
1.376
1.493
1.412
1.381
1.392
1.412
1.595
1.485
1.443
1.361
1.388
1.59
1.381
1.417
1.514
1.316
1.443
1.487
1.454
1.474
1.601
1.493
1.381
1.493
1.537
1.516
1.563
1.469
1.558
1.523
1.569
1.516
1.487
1.485
1.347
1.311
1.481
1.548
1.422
1.422
1.579
1.521
1.351
1.474
1.553
1.388
1.459
1.477
1.474
1.569
1.485
1.443
1.506
1.481
1.643
1.443
1.402
1.386
1.437
1.474
1.416
1.495
1.579
1.309
1.485
1.485
1.371
1.381
1.385
1.529
1.469
1.527
1.422
1.371
1.548
1.371
1.443
1.443
1.474
1.479
1.492
1.422
1.381
1.279
1.271
1.405
1.381
1.459
1.389
1.407
1.569
1.59
1.386
1.471
1.467
1.493
1.521
1.52
1.558
1.485
1.527
1.447
1.371
1.422
1.495
1.474
1.422
1.485
1.392
1.595
1.577
1.579
1.532
1.478
1.438
1.392
1.39
1.466
1.469
1.537
1.464
1.579
1.471
1.495
1.495
1.299
1.412
1.378
1.474
1.579
1.361
1.464
1.478
1.361
1.371
1.59
1.464
1.495
1.569
1.366
1.548
1.471
1.474
1.351
1.495
1.481
1.493
1.478
1.422
1.665
1.474
1.392
1.495
1.516
1.422
1.392
1.474
1.558
1.443
1.363
1.643
1.577
1.474
1.495
1.356
1.422
1.464
1.582
1.438
1.551
1.485
1.452
1.392
1.541
1.485
1.464
1.485
1.527
1.371
1.441
1.433
1.412
1.381
1.558
1.613
1.592
1.464
1.531
1.481
1.485
1.485
1.601
1.527
1.433
1.435
1.392
1.657
1.558
1.542
1.412
1.416
1.376
1.676
1.489
1.381
1.454
1.692
1.415
1.511
1.384
1.446
1.573
1.464
1.464
1.412
1.474
1.539
1.516
1.405
1.367
1.454
1.569
1.558
1.489
1.474
1.516
1.467
1.443
1.495
1.635
1.454
1.454
1.381
1.516
1.443
1.506
1.374
1.471
1.563
1.374
1.381
1.474
1.558
1.438
1.485
1.474
1.388
1.435
1.464
1.351
1.598
1.381
1.351
1.449
1.474
1.354
1.474
1.446
1.491
1.371
1.485
1.392
1.537
1.495
1.479
1.492
1.433
1.478
1.633
1.479
1.49
1.467
1.433
1.514
1.487
1.48
1.485
1.539
1.381
1.41
1.485
1.464
1.527
1.386
1.454
1.461
1.485
1.433
1.574
1.49
1.49
1.381
1.388
1.412
1.454
1.601
1.495
1.405
1.443
1.392
1.443
1.59
1.601
1.443
1.506
1.309
1.445
1.569
1.548
1.495
1.474
1.55
1.454
1.581
1.527
1.438
1.491
1.52
1.513
1.474
1.381
1.381
1.436
1.377
1.392
1.573
1.392
1.488
1.479
1.371
1.443
1.371
1.519
1.392
1.371
1.582
1.469
1.381
1.485
1.277
1.487
1.367
1.495
1.529
1.569
1.548
1.593
1.495
1.516
1.572
1.548
1.52
1.32
1.509
1.39
1.325
1.402
1.474
1.548
1.474
1.485
1.558
1.643
1.388
1.527
1.469
1.371
1.412
1.601
1.516
1.457
1.485
1.485
1.595
1.443
1.389
1.464
1.469
1.548
1.392
1.689
1.426
1.474
1.449
1.558
1.405
1.474
1.474
1.485
1.49
1.374
1.506
1.495
1.392
1.569
1.446
1.309
1.392
1.495
1.593
1.41
1.392
1.392
1.485
1.381
1.485
1.562
1.438
1.59
1.53
1.409
1.487
1.601
1.49
1.389
1.454
1.474
1.585
1.464
1.407
1.558
1.534
1.351
1.485
1.489
1.537
1.457
1.454
1.376
1.493
1.555
1.435
1.438
1.443
1.471
1.492
1.495
1.485
1.495
1.495
1.459
1.464
1.485
1.485
1.485
1.392
1.495
1.548
1.461
1.527
1.344
1.426
1.487
1.509
1.506
1.495
1.534
1.45
1.386
1.459
1.443
1.381
1.351
1.436
1.44
1.464
1.519
1.548
1.493
1.32
1.474
1.49
1.408
1.516
1.422
1.479
1.429
1.571
1.381
1.48
1.402
1.665
1.474
1.412
1.569
1.601
1.495
1.579
1.385
1.443
1.59
1.416
1.381
1.53
1.488
1.44
1.426
1.487
1.495
1.53
1.469
1.464
1.422
1.469
1.686
1.422
1.456
1.571
1.385
1.385
1.435
1.516
1.392
1.361
1.474
1.474
1.579
1.579
1.464
1.454
1.335
1.381
1.569
1.485
1.601
1.467
1.392
1.474
1.392
1.443
1.562
1.464
1.386
1.45
1.381
1.495
1.506
1.541
1.454
1.464
1.412
1.561
1.377
1.428
1.289
1.388
1.447
1.381
1.555
1.443
1.344
1.527
1.464
1.445
1.548
1.354
1.579
1.527
1.561
1.371
1.449
1.495
1.506
1.367
1.474
1.659
1.513
1.412
1.454
1.537
1.436
1.59
1.487
1.486
1.392
1.469
1.454
1.459
1.495
1.422
1.454
1.569
1.454
1.495
1.454
1.485
1.529
1.389
1.527
1.412
1.386
1.485
1.426
1.381
1.422
1.478
1.487
1.485
1.524
1.438
1.527
1.45
1.433
1.585
1.422
1.469
1.516
1.485
1.422
1.537
1.481
1.485
1.402
1.412
1.427
1.49
1.548
1.516
1.464
1.558
1.574
1.381
1.485
1.467
1.552
1.385
1.537
1.443
1.474
1.488
1.548
1.422
1.426
1.491
1.464
1.471
1.426
1.381
1.474
1.386
1.376
1.495
1.392
1.474
1.469
1.381
1.39
1.474
1.474
1.485
1.381
1.392
1.381
1.59
1.537
1.474
1.45
1.508
1.479
1.495
1.469
1.381
1.279
1.474
1.388
1.601
1.457
1.433
1.464
1.512
1.495
1.485
1.392
1.428
1.574
1.451
1.49
1.592
1.495
1.516
1.402
1.488
1.459
1.422
1.367
1.445
1.495
1.569
1.579
1.422
1.487
1.493
1.476
1.34
1.445
1.388
1.464
1.417
1.454
1.371
1.479
1.474
1.601
1.392
1.474
1.59
1.532
1.461
1.488
1.34
1.435
1.459
1.485
1.467
1.527
1.763
1.579
1.492
1.351
1.508
1.422
1.488
1.371
1.454
1.558
1.461
1.467
1.551
1.433
1.485
1.42
1.59
1.361
1.371
1.447
1.569
1.433
1.381
1.392
1.485
1.381
1.369
1.487
1.55
1.443
1.375
1.485
1.495
1.485
1.447
1.282
1.381
1.366
1.488
1.464
1.371
1.426
1.495
1.449
1.361
1.474
1.32
1.344
1.527
1.286
1.464
1.458
1.363
1.446
1.402
