1.537
1.385
1.374
1.34
1.474
1.485
1.351
1.446
1.459
1.49
1.433
1.495
1.445
1.512
1.485
1.485
1.516
1.562
1.464
1.697
1.548
1.492
1.461
1.32
1.478
1.392
1.422
1.506
1.542
1.579
1.433
1.361
1.454
1.386
1.478
1.354
1.59
1.597
1.479
1.388
1.474
1.492
1.467
1.284
1.454
1.392
1.392
1.386
1.537
1.527
1.516
1.464
1.485
1.566
1.481
1.346
1.485
1.39
1.386
1.459
1.55
1.516
1.433
1.537
1.537
1.571
1.402
1.34
1.527
1.414
1.454
1.384
1.483
1.45
1.59
1.443
1.417
1.405
1.59
1.469
1.495
1.454
1.478
1.569
1.39
1.558
1.402
1.495
1.488
1.537
1.474
1.506
1.459
1.464
1.417
1.464
1.443
1.601
1.387
1.471
1.474
1.471
1.467
1.611
1.485
1.52
1.371
1.487
1.474
1.474
1.513
1.456
1.586
1.392
1.479
1.516
1.527
1.485
1.371
1.361
1.464
1.412
1.435
1.532
1.485
1.495
1.469
1.585
1.495
1.392
1.454
1.351
1.563
1.509
1.299
1.59
1.574
1.485
1.478
1.456
1.361
1.466
1.532
1.422
1.428
1.485
1.461
1.485
1.516
1.625
1.485
1.287
1.537
1.491
1.426
1.509
1.447
1.371
1.474
1.638
1.384
1.351
1.351
1.392
1.422
1.464
1.49
1.381
1.477
1.474
1.433
1.435
1.521
1.485
1.275
1.428
1.478
1.443
1.443
1.579
1.443
1.495
1.566
1.422
1.467
1.469
1.553
1.59
1.521
1.553
1.521
1.479
1.485
1.41
1.417
1.428
1.381
1.456
1.457
1.474
1.371
1.485
1.579
1.643
1.532
1.389
1.376
1.485
1.558
1.583
1.558
1.569
1.381
1.495
1.454
1.438
1.464
1.545
1.633
1.474
1.541
1.433
1.381
1.355
1.392
1.622
1.527
1.454
1.598
1.586
1.438
1.356
1.485
1.485
1.386
1.492
1.487
1.392
1.464
1.492
1.705
1.49
1.548
1.336
1.493
1.532
1.574
1.371
1.454
1.479
1.593
1.417
1.433
1.374
1.485
1.495
1.495
1.495
1.464
1.527
1.474
1.495
1.412
1.425
1.474
1.49
1.495
1.495
1.315
1.571
1.429
1.492
1.478
1.558
1.485
1.376
1.53
1.479
1.485
1.333
1.49
1.487
1.569
1.407
1.454
1.495
1.371
1.558
1.474
1.422
1.511
1.366
1.49
1.47
1.53
1.527
1.492
1.654
1.445
1.324
1.467
1.54
1.495
1.438
1.485
1.445
1.601
1.459
1.487
1.449
1.495
1.595
1.416
1.521
1.386
1.392
1.485
1.485
1.495
1.454
1.555
1.516
1.371
1.478
1.509
1.385
1.493
1.45
1.443
1.474
1.477
1.516
1.553
1.601
1.479
1.485
1.516
1.474
1.619
1.438
1.478
1.548
1.495
1.32
1.378
1.524
1.495
1.492
1.426
1.479
1.385
1.41
1.601
1.435
1.601
1.392
1.532
1.384
1.435
1.487
1.459
1.563
1.488
1.464
1.412
1.422
1.487
1.488
1.55
1.519
1.449
1.485
1.527
1.495
1.579
1.579
1.537
1.402
1.474
1.492
1.529
1.485
1.495
1.562
1.495
1.388
1.485
1.381
1.474
1.527
1.562
1.487
1.385
1.493
1.464
1.366
1.579
1.386
1.39
1.495
1.569
1.495
1.636
1.56
1.667
1.529
1.495
1.392
1.561
1.44
1.392
1.537
1.443
1.384
1.52
1.416
1.485
1.381
1.376
1.627
1.519
1.412
1.485
1.443
1.474
1.569
1.527
1.495
1.381
1.474
1.485
1.384
1.447
1.433
1.563
1.569
1.449
1.569
1.548
1.516
1.443
1.405
1.485
1.485
1.485
1.485
1.611
1.289
1.449
1.593
1.469
1.562
1.361
1.377
1.491
1.386
1.412
1.348
1.428
1.375
1.597
1.417
1.428
1.495
1.495
1.477
1.485
1.579
1.516
1.449
1.361
1.405
1.469
1.495
1.361
1.558
1.516
1.49
1.579
1.49
1.495
1.353
1.54
1.495
1.477
1.593
1.527
1.351
1.506
1.601
1.529
1.49
1.509
1.443
1.417
1.485
1.356
1.412
1.506
1.469
1.381
1.49
1.422
1.548
1.392
1.492
1.47
1.433
1.49
1.643
1.454
1.415
1.381
1.471
1.495
1.392
1.495
1.361
1.366
1.428
1.467
1.638
1.454
1.495
1.454
1.361
1.343
1.467
1.495
1.364
1.275
1.383
1.44
1.459
1.49
1.388
1.495
1.386
1.425
1.354
1.425
1.381
1.59
1.516
1.508
1.485
1.59
1.417
1.601
1.485
1.541
1.558
1.366
1.485
1.479
1.429
1.542
1.571
1.378
1.309
1.532
1.353
1.377
1.447
1.426
1.353
1.467
1.506
1.438
1.436
1.479
1.471
1.597
1.433
1.449
1.467
1.422
1.461
1.464
1.492
1.485
1.558
1.549
1.493
1.283
1.477
1.422
1.488
1.49
1.422
1.412
1.601
1.361
1.464
1.464
1.42
1.443
1.49
1.422
1.495
1.412
1.63
1.569
1.534
1.678
1.53
1.485
1.485
1.548
1.454
1.392
1.381
1.449
1.485
1.454
1.487
1.478
1.461
1.412
1.474
1.66
1.371
1.412
1.495
1.454
1.488
1.429
1.527
1.459
1.487
1.39
1.387
1.492
1.454
1.495
1.527
1.49
1.392
1.548
1.316
1.516
1.493
1.516
1.506
1.548
1.446
1.519
1.495
1.592
1.527
1.456
1.479
1.433
1.464
1.478
1.506
1.506
1.558
1.435
1.32
1.461
1.537
1.454
1.457
1.49
1.537
1.412
1.593
1.443
1.34
1.443
1.474
1.459
1.386
1.489
1.485
1.371
1.495
1.361
1.467
1.454
1.474
1.523
1.439
1.389
1.569
1.474
1.488
1.495
1.379
1.529
1.49
1.436
1.474
1.495
1.353
1.49
1.433
1.405
1.585
1.402
1.558
1.467
1.474
1.417
1.469
1.474
1.493
1.583
1.474
1.438
1.461
1.438
1.506
1.464
1.412
1.593
1.474
1.49
1.495
1.506
1.371
1.404
1.378
1.537
1.527
1.527
1.521
1.392
1.435
1.464
1.464
1.479
1.459
1.476
1.469
1.489
1.443
1.34
1.487
1.495
1.495
1.409
1.486
1.392
1.491
1.461
1.495
1.402
1.548
1.495
1.572
1.531
1.449
1.388
1.375
1.467
1.495
1.389
1.464
1.407
1.516
1.481
1.532
1.495
1.481
1.303
1.537
1.569
1.53
1.426
1.49
1.45
1.361
1.402
1.574
1.436
1.447
1.379
1.516
1.516
1.495
1.467
