1.474
1.495
1.506
1.558
1.521
1.361
1.49
1.601
1.433
1.492
1.527
1.495
1.405
1.52
1.464
1.464
1.386
1.686
1.469
1.371
1.433
1.469
1.495
1.49
1.456
1.544
1.665
1.386
1.492
1.466
1.495
1.643
1.464
1.592
1.537
1.377
1.392
1.454
1.386
1.388
1.495
1.492
1.426
1.467
1.487
1.449
1.59
1.541
1.474
1.388
1.454
1.481
1.351
1.433
1.464
1.553
1.485
1.392
1.493
1.569
1.416
1.464
1.495
1.485
1.433
1.443
1.553
1.601
1.426
1.392
1.59
1.34
1.447
1.378
1.511
1.456
1.633
1.456
1.474
1.495
1.495
1.601
1.422
1.495
1.417
1.478
1.422
1.474
1.464
1.548
1.407
1.474
1.461
1.495
1.409
1.558
1.474
1.542
1.454
1.443
1.422
1.456
1.371
1.392
1.579
1.386
1.495
1.563
1.495
1.433
1.477
1.686
1.443
1.407
1.459
1.506
1.495
1.654
1.495
1.447
1.454
1.366
1.474
1.495
1.392
1.361
1.429
1.593
1.593
1.443
1.363
1.485
1.521
1.412
1.443
1.572
1.527
1.446
1.47
1.485
1.459
1.47
1.392
1.537
1.534
1.506
1.506
1.392
1.433
1.392
1.485
1.495
1.433
1.486
1.569
1.485
1.592
1.454
1.351
1.485
1.516
1.506
1.309
1.43
1.433
1.537
1.381
1.385
1.481
1.486
1.471
1.392
1.522
1.474
1.495
1.407
1.492
1.392
1.528
1.485
1.368
1.49
1.579
1.464
1.59
1.443
1.495
1.45
1.49
1.569
1.579
1.466
1.601
1.456
1.426
1.548
1.32
1.446
1.478
1.479
1.59
1.561
1.532
1.454
1.52
1.356
1.464
1.454
1.34
1.454
1.366
1.422
1.392
1.474
1.529
1.32
1.597
1.467
1.449
1.495
1.485
1.571
1.417
1.426
1.495
1.335
1.456
1.443
1.443
1.412
1.643
1.558
1.488
1.558
1.447
1.392
1.422
1.676
1.562
1.483
1.529
1.55
1.488
1.488
1.487
1.49
1.495
1.443
1.313
1.491
1.443
1.479
1.389
1.433
1.454
1.597
1.392
1.422
1.487
1.516
1.485
1.464
1.407
1.527
1.495
1.454
1.454
1.464
1.548
1.459
1.454
1.464
1.479
1.433
1.354
1.443
1.356
1.567
1.527
1.454
1.443
1.563
1.467
1.392
1.438
1.643
1.49
1.495
1.485
1.447
1.478
1.425
1.464
1.472
1.622
1.304
1.548
1.583
1.569
1.464
1.537
1.583
1.637
1.527
1.464
1.469
1.471
1.428
1.386
1.527
1.485
1.443
1.558
1.459
1.485
1.366
1.367
1.485
1.541
1.495
1.493
1.474
1.371
1.548
1.474
1.55
1.443
1.376
1.412
1.633
1.464
1.583
1.527
1.383
1.586
1.477
1.511
1.469
1.561
1.443
1.49
1.482
1.562
1.392
1.551
1.383
1.579
1.371
1.392
1.392
1.527
1.367
1.474
1.433
1.495
1.476
1.49
1.495
1.392
1.56
1.464
1.381
1.426
1.495
1.402
1.459
1.443
1.548
1.464
1.467
1.479
1.537
1.529
1.309
1.521
1.289
1.527
1.376
1.447
1.495
1.638
1.422
1.443
1.34
1.366
1.412
1.378
1.516
1.548
1.429
1.562
1.415
1.537
1.376
1.485
1.45
1.443
1.474
1.495
1.433
1.516
1.59
1.485
1.474
1.527
1.561
1.459
1.537
1.49
1.456
1.532
1.402
1.541
1.467
1.506
1.601
1.548
1.377
1.392
1.544
1.464
1.433
1.392
1.454
1.454
1.402
1.272
1.488
1.459
1.468
1.392
1.412
1.464
1.464
1.474
1.443
1.516
1.474
1.485
1.548
1.537
1.454
1.459
1.373
1.527
1.485
1.384
1.381
1.474
1.416
1.386
1.449
1.457
1.495
1.548
1.485
1.454
1.446
1.495
1.454
1.386
1.376
1.519
1.585
1.509
1.579
1.485
1.454
1.59
1.579
1.464
1.485
1.586
1.59
1.479
1.487
1.495
1.49
1.565
1.474
1.527
1.474
1.495
1.422
1.433
1.485
1.272
1.412
1.429
1.416
1.478
1.495
1.548
1.467
1.485
1.433
1.495
1.601
1.402
1.422
1.485
1.429
1.481
1.495
1.49
1.34
1.477
1.49
1.474
1.548
1.654
1.464
1.495
1.387
1.381
1.553
1.474
1.449
1.542
1.508
1.371
1.485
1.474
1.364
1.381
1.464
1.449
1.381
1.495
1.495
1.493
1.478
1.474
1.433
1.476
1.386
1.506
1.516
1.454
1.386
1.506
1.485
1.654
1.487
1.478
1.458
1.371
1.478
1.34
1.49
1.558
1.469
1.358
1.443
1.511
1.388
1.422
1.495
1.443
1.449
1.412
1.386
1.487
1.377
1.373
1.527
1.389
1.449
1.479
1.558
1.322
1.516
1.506
1.516
1.415
1.485
1.425
1.487
1.381
1.416
1.495
1.601
1.385
1.481
1.379
1.555
1.388
1.579
1.472
1.49
1.385
1.571
1.495
1.33
1.422
1.392
1.477
1.592
1.392
1.482
1.506
1.426
1.633
1.481
1.454
1.488
1.488
1.633
1.479
1.537
1.433
1.485
1.537
1.464
1.474
1.456
1.577
1.558
1.516
1.474
1.579
1.577
1.548
1.446
1.371
1.545
1.381
1.495
1.479
1.32
1.474
1.443
1.558
1.495
1.485
1.273
1.654
1.583
1.482
1.485
1.485
1.435
1.412
1.485
1.433
1.478
1.392
1.478
1.569
1.474
1.495
1.452
1.495
1.381
1.595
1.386
1.386
1.361
1.386
1.438
1.412
1.439
1.495
1.363
1.367
1.386
1.495
1.44
1.485
1.601
1.556
1.516
1.485
1.672
1.478
1.363
1.464
1.385
1.485
1.493
1.454
1.428
1.424
1.416
1.376
1.495
1.392
1.456
1.459
1.479
1.361
1.428
1.374
1.509
1.477
1.485
1.478
1.474
1.44
1.539
1.491
1.376
1.495
1.489
1.537
1.478
1.459
1.506
1.443
1.412
1.449
1.392
1.537
1.459
1.53
1.532
1.371
1.456
1.511
1.558
1.487
1.381
1.478
1.356
1.625
1.487
1.436
1.464
1.56
1.474
1.392
1.565
1.548
1.371
1.485
1.495
1.495
1.371
1.361
1.443
1.485
1.548
1.542
1.347
1.542
1.495
1.532
1.509
1.686
1.464
1.495
1.433
1.527
1.457
1.516
1.485
1.495
1.392
1.532
1.495
1.494
1.286
1.597
1.469
1.356
1.495
1.433
1.537
1.392
1.388
1.485
1.493
1.474
1.416
1.495
1.485
1.435
1.464
1.387
1.377
1.572
1.385
1.488
1.527
1.527
1.511
1.378
1.55
1.59
1.49
1.516
1.354
1.467
1.593
1.476
1.548
1.361
1.446
1.542
1.49
1.493
1.435
1.558
1.516
1.488
1.59
1.392
1.708
1.412
1.569
1.457
1.344
1.464
1.367
1.579
1.495
1.493
1.529
1.469
1.485
1.482
1.325
1.45
1.697
1.456
1.548
1.412
1.474
1.447
1.469
1.412
1.493
1.583
1.476
1.402
1.516
1.457
1.464
1.464
1.487
1.595
1.443
1.479
1.361
1.384
1.485
1.428
1.474
1.279
1.464
1.495
1.49
1.464
1.428
1.495
1.485
1.506
1.417
1.55
1.374
1.454
1.527
1.495
1.481
1.464
1.493
1.388
1.392
1.49
1.386
1.601
1.49
1.389
1.454
1.487
1.474
1.468
1.39
1.422
1.579
1.495
1.381
1.467
1.485
1.509
1.479
1.464
1.289
1.485
1.374
1.454
1.49
1.493
1.485
1.49
1.474
1.371
1.474
1.477
1.487
1.527
1.495
1.412
1.53
1.495
1.467
1.611
1.601
1.389
1.474
1.551
1.579
1.593
1.443
1.563
1.487
1.433
1.371
1.485
1.422
1.524
1.389
1.495
1.323
1.392
1.467
1.622
1.532
1.548
1.389
1.555
1.34
1.47
1.476
1.474
1.487
1.458
1.552
1.467
1.446
1.407
1.528
1.493
1.53
