1.523
1.537
1.407
1.59
1.386
1.34
1.485
1.422
1.569
1.485
1.402
1.388
1.353
1.464
1.464
1.572
1.422
1.527
1.468
1.516
1.495
1.558
1.556
1.537
1.469
1.436
1.561
1.474
1.464
1.454
1.474
1.416
1.474
1.474
1.506
1.407
1.636
1.325
1.495
1.495
1.386
1.371
1.646
1.351
1.492
1.527
1.495
1.447
1.59
1.495
1.488
1.371
1.561
1.467
1.389
1.454
1.52
1.392
1.467
1.422
1.495
1.585
1.464
1.59
1.527
1.381
1.474
1.521
1.467
1.381
1.558
1.474
1.464
1.43
1.485
1.443
1.386
1.491
1.474
1.518
1.451
1.464
1.487
1.563
1.464
1.49
1.488
1.59
1.516
1.511
1.389
1.443
1.474
1.527
1.579
1.388
1.548
1.438
1.381
1.379
1.495
1.381
1.443
1.493
1.392
1.495
1.464
1.495
1.477
1.443
1.474
1.492
1.376
1.523
1.495
1.381
1.355
1.495
1.335
1.472
1.285
1.485
1.527
1.558
1.446
1.459
1.474
1.454
1.429
1.474
1.389
1.464
1.495
1.45
1.428
1.371
1.528
1.381
1.422
1.385
1.412
1.548
1.435
1.601
1.412
1.454
1.457
1.495
1.485
1.488
1.474
1.392
1.443
1.454
1.487
1.376
1.561
1.412
1.492
1.474
1.479
1.545
1.468
1.457
1.315
1.485
1.34
1.59
1.529
1.548
1.386
1.371
1.49
1.469
1.514
1.55
1.506
1.558
1.474
1.548
1.49
1.485
1.52
1.428
1.456
1.492
1.438
1.474
1.417
1.516
1.371
1.506
1.386
1.433
1.351
1.569
1.488
1.361
1.488
1.548
1.371
1.422
1.443
1.392
1.392
1.506
1.443
1.509
1.428
1.284
1.422
1.461
1.601
1.527
1.381
1.43
1.52
1.565
1.426
1.284
1.495
1.439
1.495
1.49
1.464
1.492
1.412
1.454
1.373
1.481
1.527
1.426
1.467
1.322
1.464
1.376
1.676
1.457
1.381
1.506
1.357
1.371
1.495
1.49
1.55
1.351
1.545
1.392
1.361
1.532
1.477
1.548
1.514
1.495
1.478
1.537
1.402
1.474
1.494
1.495
1.443
1.357
1.446
1.485
1.464
1.392
1.49
1.537
1.474
1.474
1.481
1.582
1.373
1.392
1.479
1.488
1.583
1.386
1.389
1.447
1.402
1.561
1.495
1.594
1.474
1.383
1.438
1.495
1.373
1.601
1.371
1.361
1.611
1.392
1.488
1.472
1.474
1.471
1.516
1.34
1.532
1.487
1.55
1.534
1.474
1.474
1.443
1.456
1.392
1.558
1.474
1.412
1.647
1.474
1.479
1.485
1.376
1.309
1.464
1.527
1.548
1.443
1.433
1.422
1.495
1.537
1.384
1.553
1.374
1.478
1.485
1.381
1.386
1.402
1.516
1.579
1.371
1.474
1.474
1.558
1.479
1.464
1.464
1.433
1.459
1.558
1.601
1.579
1.654
1.454
1.569
1.438
1.456
1.369
1.55
1.476
1.579
1.495
1.392
1.461
1.59
1.447
1.485
1.516
1.457
1.447
1.495
1.388
1.417
1.371
1.381
1.495
1.457
1.474
1.422
1.443
1.474
1.464
1.464
1.532
1.585
1.474
1.563
1.495
1.381
1.34
1.49
1.474
1.548
1.485
1.541
1.402
1.495
1.585
1.495
1.464
1.446
1.446
1.388
1.495
1.59
1.461
1.49
1.381
1.422
1.516
1.534
1.495
1.464
1.601
1.477
1.537
1.417
1.447
1.447
1.454
1.412
1.563
1.537
1.495
1.524
1.449
1.527
1.527
1.454
1.361
1.49
1.381
1.563
1.485
1.516
1.579
1.459
1.433
1.478
1.516
1.569
1.412
1.446
1.516
1.454
1.458
1.553
1.386
1.487
1.576
1.474
1.478
1.392
1.495
1.523
1.464
1.49
1.495
1.492
1.443
1.585
1.576
1.433
1.469
1.593
1.433
1.489
1.548
1.488
1.459
1.521
1.487
1.387
1.495
1.454
1.392
1.454
1.302
1.417
1.361
1.558
1.574
1.611
1.493
1.493
1.412
1.622
1.558
1.485
1.495
1.402
1.449
1.343
1.387
1.49
1.548
1.59
1.412
1.386
1.438
1.478
1.506
1.282
1.474
1.386
1.449
1.553
1.476
1.527
1.485
1.443
1.581
1.376
1.558
1.386
1.456
1.495
1.527
1.42
1.422
1.569
1.479
1.416
1.361
1.402
1.33
1.443
1.506
1.495
1.585
1.495
1.366
1.454
1.462
1.402
1.386
1.425
1.485
1.495
1.381
1.381
1.474
1.464
1.579
1.562
1.495
1.402
1.464
1.459
1.34
1.537
1.433
1.361
1.478
1.579
1.425
1.449
1.351
1.443
1.474
1.52
1.548
1.384
1.495
1.595
1.461
1.454
1.443
1.389
1.474
1.495
1.479
1.381
1.479
1.492
1.593
1.446
1.433
1.392
1.356
1.563
1.474
1.388
1.458
1.569
1.529
1.485
1.457
1.548
1.558
1.474
1.544
1.54
1.553
1.495
1.495
1.485
1.454
1.485
1.376
1.506
1.573
1.49
1.388
1.388
1.523
1.45
1.492
1.472
1.611
1.467
1.433
1.548
1.464
1.358
1.537
1.518
1.388
1.381
1.516
1.548
1.495
1.511
1.433
1.284
1.443
1.469
1.388
1.381
1.493
1.495
1.485
1.313
1.553
1.506
1.479
1.422
1.361
1.485
1.579
1.454
1.535
1.495
1.593
1.481
1.392
1.56
1.385
1.45
1.485
1.474
1.425
1.381
1.537
1.412
1.49
1.558
1.446
1.39
1.49
1.392
1.392
1.548
1.495
1.467
1.425
1.485
1.66
1.469
1.492
1.569
1.443
1.585
1.495
1.569
1.686
1.456
1.534
1.516
1.495
1.433
1.474
1.542
1.381
1.474
1.485
1.385
1.474
1.521
1.454
1.548
1.402
1.477
1.374
1.355
1.487
1.388
1.495
1.479
1.32
1.454
1.392
1.464
1.428
1.492
1.495
1.417
1.474
1.371
1.438
1.506
1.466
1.54
1.561
1.542
1.392
1.433
1.487
1.506
1.479
1.464
1.49
1.516
