1.781273 5.294555 4.631153
1.819107 5.500664 4.900198
1.783777 5.308263 4.648974
1.836075 5.59242 5.020692
1.849005 5.662085 5.112461
1.768535 5.224648 4.540431
1.776319 5.267398 4.595876
1.810899 5.456129 4.841871
1.837233 5.598668 5.028913
1.805522 5.426906 4.80366
1.805522 5.426906 4.80366
1.822441 5.518725 4.923881
1.886536 5.863121 5.378598
1.835497 5.589302 5.01659
1.810899 5.456129 4.841871
1.834344 5.583078 5.008405
1.766138 5.211464 4.523353
1.75394 5.144205 4.436384
1.75256 5.136582 4.426544
1.805522 5.426906 4.80366
1.75394 5.144205 4.436384
1.859293 5.71736 5.185444
1.895136 5.908955 5.439538
1.807129 5.435643 4.815076
1.712088 4.911271 4.137306
1.796044 5.375284 4.736259
1.759047 5.172397 4.472805
1.840728 5.617514 5.05372
1.810899 5.456129 4.841871
1.756252 5.156972 4.452872
1.775827 5.264701 4.592375
1.776811 5.270098 4.599382
1.799702 5.395223 4.762273
1.77338 5.251267 4.574942
1.749364 5.118904 4.403738
1.853209 5.68469 5.14229
1.759047 5.172397 4.472805
1.741284 5.074136 4.346067
1.767095 5.216728 4.53017
1.75394 5.144205 4.436384
1.873006 5.790842 5.282692
1.794488 5.366794 4.725188
1.745748 5.098886 4.377935
1.834344 5.583078 5.008405
1.794488 5.366794 4.725188
1.802337 5.409575 4.781011
1.868593 5.767217 5.251399
1.802337 5.409575 4.781011
1.75394 5.144205 4.436384
1.767095 5.216728 4.53017
1.789348 5.338727 4.688618
1.799702 5.395223 4.762273
1.789348 5.338727 4.688618
1.834344 5.583078 5.008405
1.75394 5.144205 4.436384
1.778787 5.280934 4.613454
1.800754 5.400952 4.769752
1.770949 5.237915 4.557627
1.818003 5.494676 4.892349
1.802337 5.409575 4.781011
1.781773 5.29729 4.634707
1.802337 5.409575 4.781011
1.805522 5.426906 4.80366
1.747099 5.10637 4.387579
1.781273 5.294555 4.631153
1.721101 4.961742 4.201822
1.810899 5.456129 4.841871
1.771919 5.243244 4.564538
1.754863 5.149302 4.442966
1.808202 5.441477 4.822704
1.853209 5.68469 5.14229
1.805522 5.426906 4.80366
1.785288 5.316529 4.659726
1.749364 5.118904 4.403738
1.805522 5.426906 4.80366
1.759047 5.172397 4.472805
1.859293 5.71736 5.185444
1.943136 6.163362 5.779478
1.846622 5.649264 5.095554
1.755788 5.154413 4.449565
1.749364 5.118904 4.403738
1.799702 5.395223 4.762273
1.849005 5.662085 5.112461
1.751644 5.131516 4.420006
1.764708 5.203592 4.51316
1.794488 5.366794 4.725188
1.809818 5.450257 4.834188
1.846622 5.649264 5.095554
1.791909 5.352716 4.706839
1.807129 5.435643 4.815076
1.794488 5.366794 4.725188
1.886536 5.863121 5.378598
1.808202 5.441477 4.822704
1.801281 5.403823 4.7735
1.810899 5.456129 4.841871
1.759047 5.172397 4.472805
1.859293 5.71736 5.185444
1.749364 5.118904 4.403738
1.796044 5.375284 4.736259
1.810899 5.456129 4.841871
1.886536 5.863121 5.378598
1.803928 5.41823 4.792318
1.791909 5.352716 4.706839
1.80874 5.4444 4.826527
1.77338 5.251267 4.574942
1.757181 5.162101 4.459498
1.789347 5.338725 4.688616
1.805522 5.426906 4.80366
1.768535 5.224648 4.540431
1.751644 5.131516 4.420006
1.866092 5.753821 5.233665
1.776811 5.270098 4.599382
1.755325 5.151856 4.446264
1.749364 5.118904 4.403738
1.912177 5.999543 5.56026
1.791909 5.352716 4.706839
1.776811 5.270098 4.599382
1.841899 5.623829 5.062038
1.810899 5.456129 4.841871
1.799702 5.395223 4.762273
1.805522 5.426906 4.80366
1.810899 5.456129 4.841871
1.731246 5.018339 4.274359
1.757646 5.16467 4.462818
1.810899 5.456129 4.841871
1.834344 5.583078 5.008405
1.822441 5.518725 4.923881
1.799702 5.395223 4.762273
1.745748 5.098886 4.377935
1.75394 5.144205 4.436384
1.893801 5.901848 5.430082
1.793454 5.361152 4.717833
1.757646 5.16467 4.462818
1.799702 5.395223 4.762273
1.834344 5.583078 5.008405
1.836653 5.595542 5.024799
1.832048 5.570682 4.992107
1.809279 5.447327 4.830355
1.849005 5.662085 5.112461
1.808202 5.441477 4.822704
1.853209 5.68469 5.14229
1.776811 5.270098 4.599382
1.735572 5.042408 4.305268
1.77338 5.251267 4.574942
1.794488 5.366794 4.725188
1.759047 5.172397 4.472805
1.810899 5.456129 4.841871
1.741284 5.074136 4.346067
1.810899 5.456129 4.841871
1.905279 5.962913 5.511402
1.873006 5.790842 5.282692
1.797086 5.380963 4.743665
1.866092 5.753821 5.233665
1.886536 5.863121 5.378598
1.799702 5.395223 4.762273
1.834344 5.583078 5.008405
1.791909 5.352716 4.706839
1.805522 5.426906 4.80366
1.794488 5.366794 4.725188
1.785793 5.319292 4.66332
1.805522 5.426906 4.80366
1.810899 5.456129 4.841871
1.791909 5.352716 4.706839
1.735572 5.042408 4.305268
1.834344 5.583078 5.008405
1.711684 4.909008 4.134417
1.778787 5.280934 4.613454
1.879394 5.824994 5.327978
1.801809 5.406697 4.777253
1.759047 5.172397 4.472805
1.832048 5.570682 4.992107
1.834344 5.583078 5.008405
1.786803 5.324817 4.670514
1.80874 5.4444 4.826527
1.908025 5.977501 5.530852
1.805522 5.426906 4.80366
1.775827 5.264701 4.592375
1.810899 5.456129 4.841871
1.799702 5.395223 4.762273
1.783777 5.308263 4.648974
1.75394 5.144205 4.436384
1.809279 5.447327 4.830355
1.786805 5.324827 4.670523
1.751644 5.131516 4.420006
1.740399 5.069222 4.339744
1.834344 5.583078 5.008405
1.74485 5.093912 4.371527
1.802337 5.409575 4.781011
1.847812 5.655666 5.103995
1.74485 5.093912 4.371528
1.770465 5.235256 4.554179
1.810899 5.456129 4.841871
1.72996 5.011175 4.265166
1.849005 5.662085 5.112461
1.751644 5.131516 4.420006
1.853209 5.68469 5.14229
1.867966 5.763861 5.246955
1.755325 5.151856 4.446264
1.798653 5.389508 4.754814
1.789348 5.338727 4.688618
1.849603 5.665301 5.116703
1.830335 5.561427 4.979945
1.75394 5.144205 4.436384
1.783777 5.308263 4.648974
1.79813 5.386656 4.751093
1.781273 5.294555 4.631153
1.858069 5.71079 5.176762
1.789347 5.338725 4.688616
1.805522 5.426906 4.80366
1.820771 5.509677 4.912014
1.789347 5.338725 4.688616
1.86922 5.770578 5.255849
1.893801 5.901848 5.430082
1.789347 5.338725 4.688616
1.829766 5.558351 4.975902
1.775336 5.262004 4.588876
1.805522 5.426906 4.80366
1.75073 5.126462 4.413486
1.778787 5.280934 4.613454
1.840728 5.617514 5.05372
1.805522 5.426906 4.80366
1.794488 5.366794 4.725188
1.789348 5.338727 4.688618
1.766138 5.211463 4.523352
1.778787 5.280934 4.613454
1.810899 5.456129 4.841871
1.767095 5.216728 4.53017
1.805522 5.426906 4.80366
1.799702 5.395223 4.762273
1.77338 5.251267 4.574942
1.794488 5.366794 4.725188
1.832048 5.570682 4.992107
1.810899 5.456129 4.841871
1.789347 5.338725 4.688616
1.763758 5.198361 4.506388
1.759047 5.172397 4.472805
1.74485 5.093912 4.371527
1.810899 5.456129 4.841871
1.849603 5.665301 5.116703
1.799702 5.395223 4.762273
1.82863 5.55221 4.967835
1.759047 5.172397 4.472805
1.776318 5.267395 4.595874
1.861752 5.730555 5.202887
1.834344 5.583078 5.008405
1.859293 5.71736 5.185444
1.816901 5.488703 4.884522
1.789347 5.338725 4.688616
1.80874 5.4444 4.826527
1.791909 5.352716 4.706839
1.789348 5.338727 4.688618
1.796044 5.375284 4.736259
1.783777 5.308263 4.648974
1.825242 5.533885 4.943774
1.808202 5.441477 4.822704
1.790882 5.34711 4.699535
1.789347 5.338725 4.688616
1.810899 5.456129 4.841871
1.810899 5.456129 4.841871
1.768535 5.224648 4.540431
1.783777 5.308263 4.648974
1.873006 5.790842 5.282692
1.848408 5.658873 5.108225
1.822441 5.518725 4.923881
1.866092 5.753821 5.233665
1.795524 5.372446 4.732559
