1.834344 5.583078 5.008405
1.755788 5.154412 4.449565
1.75073 5.126462 4.413486
1.735572 5.042408 4.305268
1.799702 5.395223 4.762273
1.805522 5.426906 4.80366
1.740399 5.069222 4.339744
1.785288 5.316529 4.659726
1.791909 5.352716 4.706839
1.808202 5.441477 4.822704
1.778787 5.280934 4.613454
1.810899 5.456129 4.841871
1.784782 5.313762 4.65613
1.820215 5.506669 4.90807
1.805522 5.426906 4.80366
1.805522 5.426906 4.80366
1.822441 5.518725 4.923881
1.849005 5.662085 5.112461
1.794488 5.366794 4.725188
1.938684 6.139866 5.747966
1.840728 5.617514 5.05372
1.809279 5.447327 4.830355
1.792938 5.358336 4.714163
1.726979 4.994559 4.243856
1.801809 5.406697 4.777253
1.759047 5.172397 4.472805
1.77338 5.251267 4.574942
1.816901 5.488703 4.884522
1.837233 5.598668 5.028913
1.859293 5.71736 5.185444
1.778787 5.280934 4.613454
1.74485 5.093912 4.371527
1.789347 5.338725 4.688616
1.756252 5.156972 4.452872
1.801809 5.406697 4.777253
1.741728 5.076598 4.349235
1.866092 5.753821 5.233665
1.870479 5.777314 5.26477
1.802337 5.409575 4.781011
1.757181 5.162101 4.459498
1.799702 5.395223 4.762273
1.809279 5.447327 4.830355
1.796044 5.375284 4.736259
1.712088 4.911271 4.137306
1.789348 5.338727 4.688618
1.759047 5.172397 4.472805
1.759047 5.172397 4.472805
1.756252 5.156972 4.452872
1.834344 5.583078 5.008405
1.82863 5.55221 4.967835
1.822441 5.518725 4.923881
1.794488 5.366794 4.725188
1.805522 5.426906 4.80366
1.851402 5.674976 5.129468
1.803397 5.415341 4.788544
1.738196 5.056989 4.324011
1.805522 5.426906 4.80366
1.758113 5.167243 4.466143
1.756252 5.156972 4.452872
1.791908 5.352713 4.706836
1.841899 5.623829 5.062038
1.822441 5.518725 4.923881
1.778787 5.280934 4.613454
1.834344 5.583078 5.008405
1.834344 5.583078 5.008405
1.854419 5.691188 5.150869
1.763758 5.198361 4.506388
1.735572 5.042408 4.305268
1.82863 5.55221 4.967835
1.769498 5.229945 4.547295
1.789347 5.338725 4.688616
1.755325 5.151855 4.446263
1.804457 5.421111 4.796087
1.787312 5.3276 4.674132
1.866092 5.753821 5.233665
1.783777 5.308263 4.648974
1.770949 5.237915 4.557627
1.765184 5.206213 4.516553
1.866092 5.753821 5.233665
1.797086 5.380963 4.743665
1.810899 5.456129 4.841871
1.789348 5.338727 4.688618
1.801809 5.406697 4.777253
1.853209 5.68469 5.14229
1.758113 5.167243 4.466143
1.846622 5.649264 5.095554
1.763758 5.19836 4.506388
1.810899 5.456129 4.841871
1.807129 5.435643 4.815076
1.834344 5.583078 5.008405
1.799702 5.395223 4.762273
1.816901 5.488703 4.884522
1.791908 5.352713 4.706836
1.794488 5.366794 4.725188
1.770949 5.237915 4.557627
1.794488 5.366794 4.725188
1.783777 5.308263 4.648974
1.873006 5.790842 5.282692
1.756716 5.159535 4.456183
1.79813 5.386656 4.751093
1.799702 5.395223 4.762273
1.79813 5.386656 4.751093
1.796044 5.375284 4.736259
1.879394 5.824994 5.327978
1.805522 5.426906 4.80366
1.82468 5.530845 4.939784
1.749364 5.118904 4.403738
1.806593 5.432731 4.811269
1.799702 5.395223 4.762273
1.799702 5.395223 4.762273
1.820771 5.509677 4.912014
1.79037 5.344312 4.695891
1.863606 5.740498 5.216038
1.759047 5.172397 4.472805
1.802337 5.409575 4.781011
1.822441 5.518725 4.923881
1.82863 5.55221 4.967835
1.805522 5.426906 4.80366
1.749364 5.118904 4.403738
1.74485 5.093912 4.371527
1.794488 5.366794 4.725188
1.768535 5.224648 4.540431
1.779779 5.286367 4.620514
1.831477 5.567593 4.988047
1.805522 5.426906 4.80366
1.810899 5.456129 4.841871
1.797086 5.380963 4.743665
1.862987 5.737179 5.211648
1.810899 5.456129 4.841871
1.759047 5.172397 4.472805
1.789347 5.338725 4.688616
1.740399 5.069222 4.339744
1.849603 5.665301 5.116703
1.818555 5.497668 4.896271
1.718204 4.945539 4.181092
1.866092 5.753821 5.233665
1.856239 5.700969 5.163786
1.805522 5.426906 4.80366
1.801809 5.406697 4.777253
1.79037 5.344312 4.695891
1.74485 5.093912 4.371527
1.795524 5.372446 4.732559
1.831477 5.567593 4.988047
1.77338 5.251267 4.574942
1.776319 5.267398 4.595876
1.805522 5.426906 4.80366
1.792937 5.358333 4.71416
1.805522 5.426906 4.80366
1.822441 5.518725 4.923881
1.888505 5.873623 5.392552
1.805522 5.426906 4.80366
1.713301 4.918076 4.145995
1.834344 5.583078 5.008405
1.80874 5.4444 4.826527
1.775336 5.262007 4.588879
1.818555 5.497668 4.896271
1.785793 5.319292 4.66332
1.749364 5.118904 4.403738
1.799702 5.395223 4.762273
1.897145 5.919653 5.453776
1.755325 5.151856 4.446264
1.740399 5.069222 4.339744
1.740399 5.069222 4.339744
1.759047 5.172397 4.472805
1.77338 5.251267 4.574942
1.794488 5.366794 4.725188
1.808202 5.441477 4.822704
1.75394 5.144205 4.436384
1.801281 5.403823 4.7735
1.799702 5.395223 4.762273
1.778787 5.280934 4.613454
1.77978 5.286372 4.620519
1.825242 5.533885 4.943774
1.805522 5.426906 4.80366
1.708477 4.891002 4.111442
1.776318 5.267395 4.595874
1.801809 5.406697 4.777253
1.783777 5.308263 4.648974
1.783777 5.308263 4.648974
1.859293 5.71736 5.185444
1.783777 5.308263 4.648974
1.810899 5.456129 4.841871
1.851402 5.674976 5.129468
1.77338 5.251267 4.574942
1.796044 5.375284 4.736259
1.797086 5.380963 4.743665
1.843664 5.633335 5.07456
1.866092 5.753821 5.233665
1.825242 5.533885 4.943774
1.843664 5.633335 5.07456
1.825242 5.533885 4.943774
1.802337 5.409575 4.781011
1.805522 5.426906 4.80366
1.767574 5.219364 4.533585
1.770949 5.237915 4.557627
1.776319 5.267398 4.595876
1.75394 5.144205 4.436384
1.79037 5.344312 4.695891
1.790882 5.34711 4.699535
1.799702 5.395223 4.762273
1.749364 5.118904 4.403738
1.805522 5.426906 4.80366
1.859293 5.71736 5.185444
1.900516 5.937587 5.477655
1.831477 5.567593 4.988047
1.757646 5.16467 4.462818
1.751644 5.131516 4.420006
1.805522 5.426906 4.80366
1.846622 5.649264 5.095554
1.861752 5.730555 5.202887
1.846622 5.649264 5.095554
1.853209 5.68469 5.14229
1.75394 5.144205 4.436384
1.810899 5.456129 4.841871
1.789348 5.338727 4.688618
1.781273 5.294555 4.631153
1.794488 5.366794 4.725188
1.838976 5.608072 5.041289
1.893801 5.901848 5.430082
1.799702 5.395223 4.762273
1.836653 5.595542 5.024799
1.778787 5.280934 4.613454
1.75394 5.144205 4.436384
1.742172 5.079062 4.352407
1.759047 5.172397 4.472805
1.886536 5.863121 5.378598
1.82863 5.55221 4.967835
1.789348 5.338727 4.688618
1.871109 5.780689 5.26924
1.863606 5.740498 5.216038
1.781273 5.294555 4.631153
1.742617 5.081529 4.355583
1.805522 5.426906 4.80366
1.805522 5.426906 4.80366
1.756252 5.156972 4.452872
1.809279 5.447327 4.830355
1.806593 5.432731 4.811269
1.759047 5.172397 4.472805
1.794488 5.366794 4.725188
1.809279 5.447327 4.830355
1.944629 6.171242 5.79005
1.808202 5.441477 4.822704
1.840728 5.617514 5.05372
1.733834 5.032745 4.292856
1.809818 5.450257 4.834188
1.831477 5.567593 4.988047
1.856239 5.700969 5.163786
1.749364 5.118904 4.403738
1.789348 5.338727 4.688618
1.802337 5.409575 4.781011
1.867966 5.763861 5.246955
1.770949 5.237915 4.557627
1.778787 5.280934 4.613454
1.75073 5.126462 4.413486
1.805522 5.426906 4.80366
1.810899 5.456129 4.841871
1.810899 5.456129 4.841871
1.810899 5.456129 4.841871
1.794488 5.366794 4.725188
1.82863 5.55221 4.967835
1.799702 5.395223 4.762273
1.810899 5.456129 4.841871
1.768535 5.224648 4.540431
1.774846 5.259317 4.585388
1.799702 5.395223 4.762273
1.808202 5.441477 4.822704
1.810899 5.456129 4.841871
1.810899 5.456129 4.841871
1.724867 4.982775 4.228755
1.854419 5.691188 5.150869
1.776811 5.270098 4.599382
1.809279 5.447327 4.830355
1.801809 5.406697 4.777253
1.846622 5.649264 5.095554
1.805522 5.426906 4.80366
1.751644 5.131516 4.420006
1.830335 5.561427 4.979945
1.802337 5.409575 4.781011
1.805522 5.426906 4.80366
1.732537 5.025529 4.283589
1.808202 5.441477 4.822704
1.806593 5.432731 4.811269
1.853209 5.68469 5.14229
1.766138 5.211464 4.523353
1.789347 5.338725 4.688616
1.810899 5.456129 4.841871
1.749364 5.118904 4.403738
1.846622 5.649264 5.095554
1.799702 5.395223 4.762273
1.77338 5.251267 4.574942
1.819661 5.503664 4.904131
1.747099 5.10637 4.387579
1.808202 5.441477 4.822704
1.797608 5.383808 4.747377
1.830335 5.561427 4.979945
1.82863 5.55221 4.967835
1.809279 5.447327 4.830355
1.908025 5.977501 5.530852
1.784782 5.313762 4.65613
1.728679 5.004036 4.256009
1.796044 5.375284 4.736259
1.836075 5.59242 5.020692
1.810899 5.456129 4.841871
1.781273 5.294555 4.631153
1.805522 5.426906 4.80366
1.784782 5.313762 4.65613
1.873006 5.790842 5.282692
1.791909 5.352716 4.706839
1.806593 5.432731 4.811269
1.786805 5.324827 4.670523
1.810899 5.456129 4.841871
1.86922 5.770578 5.255849
1.770465 5.235256 4.554179
1.825242 5.533885 4.943774
1.756252 5.156972 4.452872
1.759047 5.172397 4.472805
1.805522 5.426906 4.80366
1.805522 5.426906 4.80366
1.810899 5.456129 4.841871
1.789347 5.338725 4.688616
1.844845 5.639694 5.082939
1.822441 5.518725 4.923881
1.749364 5.118904 4.403738
1.801809 5.406697 4.777253
1.818555 5.497668 4.896271
1.755788 5.154413 4.449565
1.809818 5.450257 4.834188
1.787312 5.3276 4.674132
1.783777 5.308263 4.648974
1.799702 5.395223 4.762273
1.801281 5.403823 4.7735
1.822441 5.518725 4.923881
1.843664 5.633335 5.07456
1.873006 5.790842 5.282692
1.802337 5.409575 4.781011
1.805522 5.426906 4.80366
1.822441 5.518725 4.923881
1.799702 5.395223 4.762273
1.884576 5.852664 5.364707
1.781273 5.294555 4.631153
1.801809 5.406697 4.777253
1.840728 5.617514 5.05372
1.810899 5.456129 4.841871
1.726979 4.994559 4.243856
1.75256 5.136582 4.426544
1.826932 5.543029 4.955779
1.810899 5.456129 4.841871
1.809279 5.447327 4.830355
1.775336 5.262007 4.588879
1.802337 5.409575 4.781011
1.755788 5.154413 4.449565
1.767574 5.219365 4.533586
1.873006 5.790842 5.282692
1.779779 5.286367 4.620514
1.873006 5.790842 5.282692
1.759047 5.172397 4.472805
1.831477 5.567593 4.988047
1.755325 5.151855 4.446263
1.779779 5.286367 4.620514
1.806593 5.432731 4.811269
1.791909 5.352716 4.706839
1.849603 5.665301 5.116703
1.807129 5.435643 4.815076
1.794488 5.366794 4.725188
1.768535 5.224648 4.540431
1.77338 5.251267 4.574942
1.806593 5.432731 4.811269
1.807129 5.435643 4.815076
1.841899 5.623829 5.062038
1.824119 5.527809 4.9358
1.786805 5.324827 4.670523
1.805522 5.426906 4.80366
1.82863 5.55221 4.967835
1.810899 5.456129 4.841871
1.859293 5.71736 5.185444
1.859293 5.71736 5.185444
1.834344 5.583078 5.008405
1.763758 5.198361 4.506388
1.799702 5.395223 4.762273
1.809279 5.447327 4.830355
1.829766 5.558351 4.975902
1.805522 5.426906 4.80366
1.810899 5.456129 4.841871
1.849005 5.662085 5.112461
1.810899 5.456129 4.841871
1.757181 5.162101 4.459498
1.805522 5.426906 4.80366
1.75394 5.144205 4.436384
1.799702 5.395223 4.762273
1.82863 5.55221 4.967835
1.849005 5.662085 5.112461
1.806593 5.432731 4.811269
1.755788 5.154413 4.449565
1.809818 5.450257 4.834188
1.794488 5.366794 4.725188
1.747099 5.10637 4.387579
1.859293 5.71736 5.185444
1.756252 5.156972 4.452872
1.758113 5.167243 4.466143
1.810899 5.456129 4.841871
1.853209 5.68469 5.14229
1.810899 5.456129 4.841871
1.895804 5.912516 5.444277
1.847812 5.655666 5.103995
1.917071 6.025504 5.594924
1.829766 5.558351 4.975902
1.810899 5.456129 4.841871
1.759047 5.172397 4.472805
1.848408 5.658873 5.108225
1.782273 5.300028 4.638266
1.759047 5.172397 4.472805
1.834344 5.583078 5.008405
1.783777 5.308263 4.648974
1.755325 5.151856 4.446264
1.82468 5.530845 4.939784
1.770465 5.235256 4.554179
1.805522 5.426906 4.80366
1.75394 5.144205 4.436384
1.751644 5.131516 4.420006
1.889823 5.880649 5.401891
1.824119 5.527809 4.9358
1.768535 5.224648 4.540431
1.805522 5.426906 4.80366
1.783777 5.308263 4.648974
1.799702 5.395223 4.762273
1.853209 5.68469 5.14229
1.82863 5.55221 4.967835
1.810899 5.456129 4.841871
1.75394 5.144205 4.436384
1.799702 5.395223 4.762273
1.805522 5.426906 4.80366
1.755325 5.151856 4.446264
1.785793 5.319292 4.66332
1.778787 5.280934 4.613454
1.849603 5.665301 5.116703
1.853209 5.68469 5.14229
1.786803 5.324817 4.670514
1.853209 5.68469 5.14229
1.840728 5.617514 5.05372
1.822441 5.518725 4.923881
1.783777 5.308263 4.648974
1.765184 5.206213 4.516553
1.805522 5.426906 4.80366
1.805522 5.426906 4.80366
1.805522 5.426906 4.80366
1.805522 5.426906 4.80366
1.879394 5.824994 5.327978
1.714113 4.922626 4.151806
1.786805 5.324827 4.670523
1.867966 5.763861 5.246955
1.797086 5.380963 4.743665
1.849005 5.662085 5.112461
1.74485 5.093912 4.371527
1.752102 5.134047 4.423273
1.80874 5.4444 4.826527
1.756252 5.156972 4.452872
1.768535 5.224648 4.540431
1.739075 5.061874 4.330292
1.776319 5.267398 4.595876
1.751187 5.128987 4.416744
1.870479 5.777314 5.26477
1.770949 5.237915 4.557627
1.776319 5.267398 4.595876
1.810899 5.456129 4.841871
1.810899 5.456129 4.841871
1.801281 5.403823 4.7735
1.805522 5.426906 4.80366
1.859293 5.71736 5.185444
1.822441 5.518725 4.923881
1.786803 5.324817 4.670514
1.74485 5.093912 4.371528
1.765184 5.206213 4.516553
1.797086 5.380963 4.743665
1.810899 5.456129 4.841871
1.74485 5.093912 4.371528
1.846622 5.649264 5.095554
1.822441 5.518725 4.923881
1.808202 5.441477 4.822704
1.859293 5.71736 5.185444
1.808202 5.441477 4.822704
1.810899 5.456129 4.841871
1.741284 5.074136 4.346067
1.836075 5.59242 5.020692
1.810899 5.456129 4.841871
1.801281 5.403823 4.7735
1.867966 5.763861 5.246955
1.82863 5.55221 4.967835
1.740399 5.069222 4.339744
1.816901 5.488703 4.884522
1.873006 5.790842 5.282692
1.829766 5.558351 4.975902
1.808202 5.441477 4.822704
1.818555 5.497668 4.896271
1.783777 5.308263 4.648974
1.770949 5.237915 4.557627
1.805522 5.426906 4.80366
1.742617 5.08153 4.355583
1.768535 5.224648 4.540431
1.816901 5.488703 4.884522
1.797086 5.380963 4.743665
1.75394 5.144205 4.436384
1.808202 5.441477 4.822704
1.77338 5.251267 4.574942
1.840728 5.617514 5.05372
1.759047 5.172397 4.472805
1.809279 5.447327 4.830355
1.797608 5.383808 4.747377
1.778787 5.280934 4.613454
1.808202 5.441477 4.822704
1.900516 5.937587 5.477655
1.789347 5.338725 4.688616
1.769981 5.232598 4.550734
1.75394 5.144205 4.436384
1.79813 5.386656 4.751093
1.810899 5.456129 4.841871
1.759047 5.172397 4.472805
1.810899 5.456129 4.841871
1.74485 5.093912 4.371527
1.747099 5.10637 4.387579
1.776319 5.267398 4.595876
1.796044 5.375284 4.736259
1.897145 5.919653 5.453776
1.789347 5.338725 4.688616
1.810899 5.456129 4.841871
1.789348 5.338727 4.688618
1.74485 5.093912 4.371528
1.736881 5.049685 4.314621
1.796044 5.375284 4.736259
1.810899 5.456129 4.841871
1.746198 5.101377 4.381145
1.708477 4.891002 4.111442
1.754863 5.149302 4.442966
1.782273 5.300028 4.638266
1.791909 5.352716 4.706839
1.808202 5.441477 4.822704
1.757181 5.162101 4.459498
1.810899 5.456129 4.841871
1.756252 5.156972 4.452872
1.774846 5.259317 4.585388
1.741728 5.076598 4.349235
1.774846 5.259317 4.585388
1.75394 5.144205 4.436384
1.866092 5.753821 5.233665
1.822441 5.518725 4.923881
1.818003 5.494676 4.892349
1.805522 5.426906 4.80366
1.866092 5.753821 5.233665
1.770949 5.237915 4.557627
1.873006 5.790842 5.282692
1.805522 5.426906 4.80366
1.836653 5.595542 5.024799
1.846622 5.649264 5.095554
1.747099 5.10637 4.387579
1.805522 5.426906 4.80366
1.802337 5.409575 4.781011
1.776811 5.270098 4.599382
1.837233 5.598668 5.028913
1.854419 5.691188 5.150869
1.75256 5.136582 4.426544
1.722352 4.968728 4.210764
1.831477 5.567593 4.988047
1.741284 5.074136 4.346067
1.752102 5.134047 4.423273
1.785793 5.319292 4.66332
1.775336 5.262007 4.588879
1.741284 5.074136 4.346067
1.796044 5.375284 4.736259
1.816901 5.488703 4.884522
1.781273 5.294555 4.631153
1.780276 5.289091 4.624054
1.802337 5.409575 4.781011
1.79813 5.386656 4.751093
1.870479 5.777314 5.26477
1.778787 5.280934 4.613454
1.786803 5.324817 4.670514
1.796044 5.375284 4.736259
1.77338 5.251267 4.574942
1.792938 5.358336 4.714163
1.794488 5.366794 4.725188
1.809279 5.447327 4.830355
1.805522 5.426906 4.80366
1.846622 5.649264 5.095554
1.841313 5.620669 5.057876
1.809818 5.450257 4.834188
1.711684 4.909008 4.134417
1.801281 5.403823 4.7735
1.77338 5.251267 4.574942
1.807129 5.435643 4.815076
1.808202 5.441477 4.822704
1.77338 5.251267 4.574942
1.768535 5.224648 4.540431
1.873006 5.790842 5.282692
1.74485 5.093912 4.371528
1.794488 5.366794 4.725188
1.794488 5.366794 4.725188
1.772405 5.245917 4.568002
1.783777 5.308263 4.648974
1.808202 5.441477 4.822704
1.77338 5.251267 4.574942
1.810899 5.456129 4.841871
1.768535 5.224648 4.540431
1.891807 5.891226 5.415954
1.853209 5.68469 5.14229
1.832621 5.573775 4.996172
1.924874 6.066845 5.650183
1.830335 5.561427 4.979945
1.805522 5.426906 4.80366
1.805522 5.426906 4.80366
1.840728 5.617514 5.05372
1.789347 5.338725 4.688616
1.759047 5.172397 4.472805
1.75394 5.144205 4.436384
1.786803 5.324817 4.670514
1.805522 5.426906 4.80366
1.789347 5.338725 4.688616
1.806593 5.432731 4.811269
1.801809 5.406697 4.777253
1.792938 5.358336 4.714163
1.768535 5.224648 4.540431
1.799702 5.395223 4.762273
1.912177 5.999543 5.56026
1.749364 5.118904 4.403738
1.768535 5.224648 4.540431
1.810899 5.456129 4.841871
1.789347 5.338725 4.688616
1.807129 5.435643 4.815076
1.776811 5.270098 4.599382
1.82863 5.55221 4.967835
1.791909 5.352716 4.706839
1.806593 5.432731 4.811269
1.758113 5.167243 4.466143
1.756716 5.159535 4.456183
1.809279 5.447327 4.830355
1.789348 5.338727 4.688618
1.810899 5.456129 4.841871
1.82863 5.55221 4.967835
1.808202 5.441477 4.822704
1.759047 5.172397 4.472805
1.840728 5.617514 5.05372
1.725288 4.985126 4.231767
1.822441 5.518725 4.923881
1.809818 5.450257 4.834188
1.822441 5.518725 4.923881
1.816901 5.488703 4.884522
1.840728 5.617514 5.05372
1.785288 5.316529 4.659726
1.824119 5.527809 4.9358
1.810899 5.456129 4.841871
1.86734 5.76051 5.242519
1.82863 5.55221 4.967835
1.79037 5.344312 4.695891
1.802337 5.409575 4.781011
1.778787 5.280934 4.613454
1.794488 5.366794 4.725188
1.801809 5.406697 4.777253
1.816901 5.488703 4.884522
1.816901 5.488703 4.884522
1.846622 5.649264 5.095554
1.779779 5.286367 4.620514
1.726979 4.994559 4.243856
1.792938 5.358336 4.714163
1.834344 5.583078 5.008405
1.789347 5.338725 4.688616
1.790882 5.34711 4.699535
1.808202 5.441477 4.822704
1.834344 5.583078 5.008405
1.768535 5.224648 4.540431
1.867966 5.763861 5.246955
1.783777 5.308263 4.648974
1.735572 5.042408 4.305268
1.783777 5.308263 4.648974
1.799702 5.395223 4.762273
1.791909 5.352716 4.706839
1.756252 5.156972 4.452872
1.807665 5.438558 4.818887
1.805522 5.426906 4.80366
1.749364 5.118904 4.403738
1.810899 5.456129 4.841871
1.74485 5.093912 4.371527
1.796044 5.375284 4.736259
1.789347 5.338725 4.688616
1.799702 5.395223 4.762273
1.826368 5.539977 4.951771
1.781773 5.29729 4.634707
1.757646 5.16467 4.462818
1.853209 5.68469 5.14229
1.799702 5.395223 4.762273
1.807129 5.435643 4.815076
1.810899 5.456129 4.841871
1.753019 5.13912 4.429819
1.829766 5.558351 4.975902
1.808202 5.441477 4.822704
1.780276 5.289091 4.624054
1.799702 5.395223 4.762273
1.810899 5.456129 4.841871
1.741284 5.074136 4.346067
1.808202 5.441477 4.822704
1.778787 5.280934 4.613454
1.765184 5.206213 4.516553
1.862987 5.737179 5.211648
1.763758 5.198361 4.506388
1.846622 5.649264 5.095554
1.796044 5.375284 4.736259
1.799702 5.395223 4.762273
1.770949 5.237915 4.557627
1.797086 5.380963 4.743665
1.799702 5.395223 4.762273
1.809818 5.450257 4.834188
1.861752 5.730555 5.202887
1.799702 5.395223 4.762273
1.781273 5.294555 4.631153
1.792938 5.358336 4.714163
1.781273 5.294555 4.631153
1.816901 5.488703 4.884522
1.794488 5.366794 4.725188
1.768535 5.224648 4.540431
1.867966 5.763861 5.246955
1.799702 5.395223 4.762273
1.808202 5.441477 4.822704
1.810899 5.456129 4.841871
1.816901 5.488703 4.884522
1.749364 5.118904 4.403738
1.764708 5.203592 4.51316
1.75256 5.136582 4.426544
1.834344 5.583078 5.008405
1.82863 5.55221 4.967835
1.82863 5.55221 4.967835
1.825242 5.533885 4.943774
1.759047 5.172397 4.472805
1.779779 5.286367 4.620514
1.794488 5.366794 4.725188
1.794488 5.366794 4.725188
1.802337 5.409575 4.781011
1.791908 5.352713 4.706836
1.800754 5.400952 4.769752
1.797086 5.380963 4.743665
1.807665 5.438558 4.818887
1.783777 5.308263 4.648974
1.735572 5.042408 4.305268
1.806593 5.432731 4.811269
1.810899 5.456129 4.841871
1.810899 5.456129 4.841871
1.767095 5.216728 4.53017
1.806059 5.429824 4.807468
1.759047 5.172397 4.472805
1.80874 5.4444 4.826527
1.792937 5.358333 4.71416
1.810899 5.456129 4.841871
1.763758 5.19836 4.506388
1.840728 5.617514 5.05372
1.810899 5.456129 4.841871
1.855025 5.694444 5.155168
1.830906 5.564508 4.983993
1.786803 5.324817 4.670514
1.757181 5.162101 4.459498
1.751187 5.128987 4.416744
1.796044 5.375284 4.736259
1.810899 5.456129 4.841871
1.757646 5.16467 4.462818
1.794488 5.366794 4.725188
1.766138 5.211464 4.523353
1.822441 5.518725 4.923881
1.803397 5.415341 4.788544
1.831477 5.567593 4.988047
1.810899 5.456129 4.841871
1.803397 5.415341 4.788544
1.719856 4.954782 4.192914
1.834344 5.583078 5.008405
1.853209 5.68469 5.14229
1.830335 5.561427 4.979945
1.775336 5.262004 4.588876
1.808202 5.441477 4.822704
1.787312 5.3276 4.674132
1.74485 5.093912 4.371527
1.763758 5.198361 4.506388
1.856239 5.700969 5.163786
1.780276 5.289091 4.624054
1.785793 5.319292 4.66332
1.753019 5.13912 4.429819
1.822441 5.518725 4.923881
1.822441 5.518725 4.923881
1.810899 5.456129 4.841871
1.796044 5.375284 4.736259
