1.756716 5.159535 4.456183
1.783777 5.308263 4.648974
1.799702 5.395223 4.762273
1.835497 5.589302 5.01659
1.810899 5.456129 4.841871
1.873006 5.790842 5.282692
1.82863 5.55221 4.967835
1.794488 5.366794 4.725188
1.79037 5.344312 4.695891
1.783777 5.308263 4.648974
1.787817 5.330365 4.677736
1.805522 5.426906 4.80366
1.77338 5.251267 4.574942
1.759047 5.172397 4.472805
1.810899 5.456129 4.841871
1.75256 5.136582 4.426544
1.799702 5.395223 4.762273
1.806593 5.432731 4.811269
1.846622 5.649264 5.095554
1.799702 5.395223 4.762273
1.893801 5.901848 5.430082
1.799702 5.395223 4.762273
1.749364 5.118904 4.403738
1.77338 5.251267 4.574942
1.789347 5.338725 4.688616
1.879394 5.824994 5.327978
1.778787 5.280934 4.613454
1.806593 5.432731 4.811269
1.792938 5.358336 4.714163
1.809279 5.447327 4.830355
1.763758 5.198361 4.506388
1.808202 5.441477 4.822704
1.82468 5.530845 4.939784
1.836653 5.595542 5.024799
1.822441 5.518725 4.923881
1.834344 5.583078 5.008405
1.855025 5.694444 5.155169
1.810899 5.456129 4.841871
1.77338 5.251267 4.574942
1.822441 5.518725 4.923881
1.853209 5.68469 5.14229
1.82863 5.55221 4.967835
1.846622 5.649264 5.095554
1.818003 5.494676 4.892349
1.783777 5.308263 4.648974
1.854419 5.691188 5.150869
1.836075 5.59242 5.020692
1.794488 5.366794 4.725188
1.779779 5.286367 4.620514
1.783777 5.308263 4.648974
1.792937 5.358333 4.71416
1.778787 5.280934 4.613454
1.776318 5.267395 4.595874
1.804459 5.421123 4.796098
1.840728 5.617514 5.05372
1.776318 5.267395 4.595874
1.77338 5.251267 4.574942
1.758113 5.167243 4.466143
1.810899 5.456129 4.841871
1.789348 5.338727 4.688618
1.768535 5.224648 4.540431
1.776318 5.267395 4.595874
1.810899 5.456129 4.841871
1.783777 5.308263 4.648974
1.805522 5.426906 4.80366
1.781773 5.29729 4.634707
1.753019 5.13912 4.429819
1.796044 5.375284 4.736259
1.88133 5.835333 5.341699
1.808202 5.441477 4.822704
1.805522 5.426906 4.80366
1.749364 5.118904 4.403738
1.810899 5.456129 4.841871
1.859293 5.71736 5.185444
1.809279 5.447327 4.830355
1.840728 5.617514 5.05372
1.834344 5.583078 5.008405
1.785793 5.319292 4.66332
1.805522 5.426906 4.80366
1.785793 5.319292 4.66332
1.807129 5.435643 4.815076
1.799702 5.395223 4.762273
1.756716 5.159535 4.456183
1.759047 5.172397 4.472805
1.763758 5.19836 4.506388
1.834344 5.583078 5.008405
1.86922 5.770578 5.255849
1.726979 4.994559 4.243856
1.763758 5.19836 4.506388
1.785793 5.319292 4.66332
1.816901 5.488703 4.884522
1.831477 5.567593 4.988047
1.710076 4.899984 4.1229
1.866092 5.753821 5.233665
1.763758 5.19836 4.506388
1.810899 5.456129 4.841871
1.819661 5.503664 4.904131
1.803397 5.415341 4.788544
1.82863 5.55221 4.967835
1.789347 5.338725 4.688616
1.759047 5.172397 4.472805
1.840728 5.617514 5.05372
1.908025 5.977501 5.530852
1.789348 5.338727 4.688618
1.810899 5.456129 4.841871
1.794488 5.366794 4.725188
1.749364 5.118904 4.403738
1.849603 5.665301 5.116703
1.740399 5.069222 4.339744
1.794488 5.366794 4.725188
1.859293 5.71736 5.185444
1.840728 5.617514 5.05372
1.853209 5.68469 5.14229
1.816901 5.488703 4.884522
1.818555 5.497668 4.896271
1.764708 5.203592 4.51316
1.77338 5.251267 4.574942
1.825242 5.533885 4.943774
1.807129 5.435643 4.815076
1.820215 5.506669 4.90807
1.82863 5.55221 4.967835
1.879394 5.824994 5.327978
1.783777 5.308263 4.648974
1.759047 5.172397 4.472805
1.802337 5.409575 4.781011
1.856239 5.700969 5.163786
1.770465 5.235256 4.554179
1.768535 5.224648 4.540431
1.786803 5.324817 4.670514
1.834344 5.583078 5.008405
1.766138 5.211463 4.523352
1.816901 5.488703 4.884522
1.805522 5.426906 4.80366
1.816901 5.488703 4.884522
1.746198 5.101377 4.381145
1.836075 5.59242 5.020692
1.808202 5.441477 4.822704
1.797086 5.380963 4.743665
1.756252 5.156972 4.452872
1.82863 5.55221 4.967835
1.805522 5.426906 4.80366
1.824119 5.527809 4.9358
1.805522 5.426906 4.80366
1.822441 5.518725 4.923881
1.873006 5.790842 5.282692
1.796044 5.375284 4.736259
1.785793 5.319292 4.66332
1.805522 5.426906 4.80366
1.822441 5.518725 4.923881
1.774846 5.259317 4.585388
1.901871 5.944797 5.487259
1.794488 5.366794 4.725188
1.810899 5.456129 4.841871
1.74485 5.093912 4.371528
1.77338 5.251267 4.574942
1.799702 5.395223 4.762273
1.75073 5.126462 4.413486
1.799702 5.395223 4.762273
1.841899 5.62383 5.062038
1.810899 5.456129 4.841871
1.805522 5.426906 4.80366
1.846622 5.649264 5.095554
1.712088 4.911271 4.137306
1.791908 5.352713 4.706836
1.82863 5.55221 4.967835
1.757646 5.16467 4.462818
1.809279 5.447327 4.830355
1.805522 5.426906 4.80366
1.849005 5.662085 5.112461
1.799702 5.395223 4.762273
1.799702 5.395223 4.762273
1.77338 5.251267 4.574942
1.819661 5.503664 4.904131
1.799702 5.395223 4.762273
1.783777 5.308263 4.648974
1.805522 5.426906 4.80366
1.844845 5.639694 5.082939
1.801809 5.406697 4.777253
1.78782 5.330376 4.677746
1.923445 6.059278 5.640063
1.75394 5.144205 4.436384
1.853209 5.68469 5.14229
1.825242 5.533885 4.943774
1.903913 5.955651 5.501722
1.799702 5.395223 4.762273
1.794488 5.366794 4.725188
1.794488 5.366794 4.725188
1.75394 5.144205 4.436384
1.79037 5.344312 4.695891
1.799702 5.395223 4.762273
1.82468 5.530845 4.939784
1.840728 5.617514 5.05372
1.82863 5.55221 4.967835
1.77338 5.251267 4.574942
1.769981 5.232598 4.550734
1.802337 5.409575 4.781011
1.837233 5.598668 5.028913
1.75394 5.144205 4.436384
1.810899 5.456129 4.841871
1.810899 5.456129 4.841871
1.759047 5.172397 4.472805
1.75394 5.144205 4.436384
1.806593 5.432731 4.811269
1.855632 5.697704 5.159474
1.806059 5.429824 4.807468
1.810899 5.456129 4.841871
1.759047 5.172397 4.472805
1.846622 5.649264 5.095554
1.74485 5.093912 4.371528
1.75394 5.144205 4.436384
1.809279 5.447327 4.830355
1.75394 5.144205 4.436384
1.780276 5.289091 4.624054
1.805522 5.426906 4.80366
1.807662 5.438542 4.818873
1.862987 5.737179 5.211648
1.77338 5.251267 4.574942
1.712088 4.911271 4.137306
1.750274 5.123939 4.410232
1.829766 5.558351 4.975902
1.77338 5.251267 4.574942
1.745748 5.098886 4.377935
1.759047 5.172397 4.472805
1.741284 5.074136 4.346067
1.819661 5.503664 4.904131
1.82863 5.55221 4.967835
1.848408 5.658873 5.108225
1.75394 5.144205 4.436384
1.805522 5.426906 4.80366
1.799702 5.395223 4.762273
1.797086 5.380963 4.743665
1.732537 5.025529 4.283589
1.805522 5.426906 4.80366
1.822441 5.518725 4.923881
1.799702 5.395223 4.762273
1.82863 5.55221 4.967835
1.82468 5.530845 4.939784
1.796044 5.375284 4.736259
1.759047 5.172397 4.472805
1.807129 5.435643 4.815076
1.810899 5.456129 4.841871
1.778787 5.280934 4.613454
1.759047 5.172397 4.472805
1.778787 5.280934 4.613454
1.792937 5.358333 4.71416
1.805522 5.426906 4.80366
1.834344 5.583078 5.008405
1.740399 5.069222 4.339744
1.799702 5.395223 4.762273
1.810899 5.456129 4.841871
1.810899 5.456129 4.841871
1.780276 5.289091 4.624054
1.805522 5.426906 4.80366
1.776811 5.270098 4.599382
1.829198 5.555278 4.971866
1.755325 5.151856 4.446264
1.810899 5.456129 4.841871
1.783777 5.308263 4.648974
1.74485 5.093912 4.371528
1.837233 5.598668 5.028913
1.806593 5.432731 4.811269
1.810899 5.456129 4.841871
1.830335 5.561427 4.979945
1.75394 5.144205 4.436384
1.759047 5.172397 4.472805
1.794488 5.366794 4.725188
1.810899 5.456129 4.841871
1.805522 5.426906 4.80366
1.807129 5.435643 4.815076
1.822441 5.518725 4.923881
1.756252 5.156972 4.452872
1.750274 5.123939 4.410232
1.803928 5.41823 4.792318
1.749364 5.118904 4.403738
1.837233 5.598668 5.028913
1.74485 5.093912 4.371528
1.736881 5.049685 4.314621
1.799702 5.395223 4.762273
1.770465 5.235256 4.554179
1.77338 5.251267 4.574942
1.799702 5.395223 4.762273
1.867966 5.763861 5.246955
1.855025 5.694444 5.155168
1.816901 5.488703 4.884522
1.805522 5.426906 4.80366
1.759047 5.172397 4.472805
1.863606 5.740498 5.216038
1.803397 5.415341 4.788544
1.805522 5.426906 4.80366
1.799702 5.395223 4.762273
1.799702 5.395223 4.762273
1.853209 5.68469 5.14229
1.766138 5.211463 4.523352
1.756252 5.156972 4.452872
1.853209 5.68469 5.14229
1.794488 5.366794 4.725188
1.768535 5.224648 4.540431
1.79037 5.344312 4.695891
1.799702 5.395223 4.762273
1.834344 5.583078 5.008405
1.741728 5.076598 4.349235
1.781273 5.294555 4.631153
1.75394 5.144205 4.436384
1.777798 5.275509 4.606408
1.768535 5.224648 4.540431
1.805522 5.426906 4.80366
1.783777 5.308263 4.648974
1.822441 5.518725 4.923881
1.853209 5.68469 5.14229
1.789347 5.338725 4.688616
1.783777 5.308263 4.648974
1.810899 5.456129 4.841871
1.854419 5.691188 5.150869
1.737319 5.052117 4.317747
1.754862 5.149302 4.442965
1.818003 5.494676 4.892349
1.77338 5.251267 4.574942
1.816901 5.488703 4.884522
1.747551 5.108871 4.390802
1.780276 5.289091 4.624054
1.799702 5.395223 4.762273
1.756252 5.156972 4.452872
1.708078 4.888763 4.108587
1.822441 5.518725 4.923881
1.803928 5.41823 4.792318
1.75394 5.144205 4.436384
1.747099 5.10637 4.387579
1.807129 5.435643 4.815076
1.794488 5.366794 4.725188
1.77338 5.251267 4.574942
1.74485 5.093912 4.371528
1.805522 5.426906 4.80366
1.810899 5.456129 4.841871
1.731246 5.018339 4.274359
1.771919 5.243247 4.56454
1.794488 5.366794 4.725188
1.832621 5.573775 4.996173
1.756252 5.156972 4.452872
1.802337 5.409575 4.781011
1.794488 5.366794 4.725188
1.766138 5.211464 4.523353
1.802337 5.409575 4.781011
1.774357 5.25663 4.581901
1.802337 5.409575 4.781011
1.789347 5.338725 4.688616
1.848408 5.658873 5.108225
1.849005 5.662085 5.112461
1.756252 5.156972 4.452872
1.783777 5.308263 4.648974
1.859293 5.71736 5.185444
1.798653 5.389508 4.754814
1.802337 5.409575 4.781011
1.77338 5.251267 4.574942
1.810899 5.456129 4.841871
1.778787 5.280934 4.613454
1.796044 5.375284 4.736259
1.759047 5.172397 4.472805
1.799702 5.395223 4.762273
1.831477 5.567593 4.988047
1.797086 5.380963 4.743665
1.805522 5.426906 4.80366
1.759047 5.172397 4.472805
1.801809 5.406697 4.777253
1.832621 5.573775 4.996173
1.759047 5.172397 4.472805
1.783777 5.308263 4.648974
1.822441 5.518725 4.923881
1.886536 5.863121 5.378598
1.759047 5.172397 4.472805
1.805522 5.426906 4.80366
1.810899 5.456129 4.841871
1.789348 5.338727 4.688618
1.75394 5.144205 4.436384
1.816901 5.488703 4.884522
1.82863 5.55221 4.967835
1.806593 5.432731 4.811269
1.780276 5.289091 4.624054
1.840728 5.617514 5.05372
1.802337 5.409575 4.781011
1.759047 5.172397 4.472805
1.77338 5.251267 4.574942
1.808202 5.441477 4.822704
1.729105 5.006413 4.259058
1.86052 5.723948 5.194152
1.843664 5.633335 5.07456
1.75394 5.144205 4.436384
1.859293 5.71736 5.185444
1.783777 5.308263 4.648974
1.856239 5.700969 5.163786
1.861752 5.730555 5.202887
1.799702 5.395223 4.762273
1.77338 5.251267 4.574942
1.826932 5.543029 4.955779
1.799702 5.395223 4.762273
1.759047 5.172397 4.472805
1.758113 5.167243 4.466143
1.768535 5.224648 4.540431
1.799702 5.395223 4.762273
1.759047 5.172397 4.472805
1.756252 5.156972 4.452872
1.816901 5.488703 4.884522
1.799702 5.395223 4.762273
1.778787 5.280934 4.613454
1.755788 5.154412 4.449565
1.853209 5.68469 5.14229
1.74485 5.093912 4.371528
1.853209 5.68469 5.14229
1.783777 5.308263 4.648974
1.783777 5.308263 4.648974
1.863606 5.740498 5.216038
1.810899 5.456129 4.841871
1.796044 5.375284 4.736259
1.846622 5.649264 5.095554
1.776318 5.267395 4.595874
1.846622 5.649264 5.095554
1.781273 5.294555 4.631153
1.758113 5.167243 4.466143
1.846622 5.649264 5.095554
1.805522 5.426906 4.80366
1.805522 5.426906 4.80366
1.749364 5.118904 4.403738
1.789348 5.338727 4.688618
1.810899 5.456129 4.841871
1.802337 5.409575 4.781011
1.82468 5.530845 4.939784
1.822441 5.518725 4.923881
1.822441 5.518725 4.923881
1.822441 5.518725 4.923881
1.853209 5.68469 5.14229
1.846622 5.649264 5.095554
1.759047 5.172397 4.472805
1.746198 5.101377 4.381145
1.772405 5.245917 4.568002
1.848408 5.658873 5.108225
1.767095 5.216728 4.53017
1.861136 5.72725 5.198517
1.780276 5.289091 4.624054
1.741728 5.076598 4.349235
1.834344 5.583078 5.008405
1.831477 5.567593 4.988047
1.799702 5.395223 4.762273
1.755788 5.154412 4.449565
1.774846 5.259317 4.585388
1.759047 5.172397 4.472805
1.789348 5.338727 4.688618
1.825242 5.533885 4.943774
1.747099 5.10637 4.387579
1.805522 5.426906 4.80366
1.794488 5.366794 4.725188
1.794488 5.366794 4.725188
1.871109 5.780689 5.26924
1.757181 5.162101 4.459498
1.809818 5.450257 4.834188
1.747099 5.10637 4.387579
1.799702 5.395223 4.762273
1.799702 5.395223 4.762273
1.759047 5.172397 4.472805
1.766138 5.211463 4.523352
1.77338 5.251267 4.574942
1.830335 5.561427 4.979945
1.868593 5.767217 5.251399
1.805522 5.426906 4.80366
1.810899 5.456129 4.841871
1.766138 5.211464 4.523353
1.808202 5.441477 4.822704
1.803928 5.41823 4.792318
1.74485 5.093912 4.371527
1.797086 5.380963 4.743665
1.835497 5.589302 5.01659
1.810899 5.456129 4.841871
1.879394 5.824994 5.327978
1.794488 5.366794 4.725188
1.816901 5.488703 4.884522
1.829766 5.558351 4.975902
1.837233 5.598668 5.028913
1.778787 5.280934 4.613454
1.835497 5.589302 5.01659
1.745748 5.098886 4.377935
1.809279 5.447327 4.830355
1.757181 5.162101 4.459498
1.816901 5.488703 4.884522
1.853209 5.68469 5.14229
1.805522 5.426906 4.80366
1.810899 5.456129 4.841871
1.805522 5.426906 4.80366
1.82863 5.55221 4.967835
1.809818 5.450257 4.834188
1.796563 5.378116 4.739955
1.783777 5.308263 4.648974
1.859293 5.71736 5.185444
1.805522 5.426906 4.80366
1.751644 5.131516 4.420006
1.768535 5.224648 4.540431
1.82468 5.530845 4.939784
1.763758 5.198361 4.506388
1.783777 5.308263 4.648974
1.805522 5.426906 4.80366
1.792423 5.355524 4.710499
1.805522 5.426906 4.80366
1.822441 5.518725 4.923881
1.805522 5.426906 4.80366
1.77978 5.286372 4.620519
1.797086 5.380963 4.743665
1.790882 5.34711 4.699535
1.749364 5.118904 4.403738
1.759047 5.172397 4.472805
1.776318 5.267395 4.595874
1.810899 5.456129 4.841871
1.864847 5.74715 5.224838
1.783777 5.308263 4.648974
1.720271 4.957099 4.195879
1.799702 5.395223 4.762273
1.830906 5.564508 4.983993
1.834344 5.583078 5.008405
1.810899 5.456129 4.841871
1.834344 5.583078 5.008405
1.783777 5.308263 4.648974
1.846622 5.649264 5.095554
1.816901 5.488703 4.884522
1.803928 5.41823 4.792318
1.816901 5.488703 4.884522
1.834344 5.583078 5.008405
1.810899 5.456129 4.841871
1.846622 5.649264 5.095554
1.830335 5.561427 4.979945
1.830906 5.564508 4.983993
1.740399 5.069222 4.339744
1.873006 5.790842 5.282692
1.836653 5.595542 5.024799
1.790882 5.34711 4.699535
1.808202 5.441477 4.822704
1.816901 5.488703 4.884522
1.849005 5.662085 5.112461
1.866092 5.753821 5.233665
1.799702 5.395223 4.762273
1.801809 5.406697 4.777253
1.900516 5.937587 5.477655
1.75394 5.144205 4.436384
1.749364 5.118904 4.403738
1.859293 5.71736 5.185444
1.82863 5.55221 4.967835
1.794488 5.366794 4.725188
1.778787 5.280934 4.613454
1.799702 5.395223 4.762273
1.82863 5.55221 4.967835
1.747551 5.108871 4.390802
1.816901 5.488703 4.884522
1.805522 5.426906 4.80366
1.810899 5.456129 4.841871
1.873006 5.790842 5.282692
1.873006 5.790842 5.282692
1.840728 5.617514 5.05372
1.801809 5.406697 4.777253
1.873006 5.790842 5.282692
1.799702 5.395223 4.762273
1.776319 5.267398 4.595876
1.807665 5.438558 4.818887
1.834344 5.583078 5.008405
1.807665 5.438558 4.818887
1.801281 5.403823 4.7735
1.825242 5.533885 4.943774
1.819661 5.503664 4.904131
1.803397 5.415341 4.788544
1.825242 5.533885 4.943774
1.846622 5.649264 5.095554
1.805522 5.426906 4.80366
1.799702 5.395223 4.762273
1.782273 5.300028 4.638266
1.850801 5.671746 5.125207
1.772405 5.245917 4.568002
1.853209 5.68469 5.14229
1.831477 5.567593 4.988047
1.790882 5.34711 4.699535
1.759047 5.172397 4.472805
1.756252 5.156972 4.452872
1.802337 5.409575 4.781011
1.75073 5.126462 4.413486
1.786803 5.324817 4.670514
1.791909 5.352716 4.706839
1.808202 5.441477 4.822704
1.75394 5.144205 4.436384
1.82468 5.530845 4.939784
1.778787 5.280934 4.613454
1.732537 5.025529 4.283589
1.794488 5.366794 4.725188
1.810899 5.456129 4.841871
1.759047 5.172397 4.472805
1.785288 5.316529 4.659726
1.789347 5.338725 4.688616
1.794488 5.366794 4.725188
1.803928 5.41823 4.792318
1.783777 5.308263 4.648974
1.783777 5.308263 4.648974
1.735572 5.042408 4.305268
1.807665 5.438558 4.818887
1.742617 5.08153 4.355583
1.759047 5.172397 4.472805
1.789347 5.338725 4.688616
1.808202 5.441477 4.822704
1.799702 5.395223 4.762273
1.738196 5.05699 4.324011
1.862987 5.737179 5.211648
1.778787 5.280934 4.613454
1.816901 5.488703 4.884522
1.799702 5.395223 4.762273
1.775827 5.264701 4.592375
1.787312 5.3276 4.674132
1.805522 5.426906 4.80366
1.810899 5.456129 4.841871
1.797086 5.380963 4.743665
1.801281 5.403823 4.7735
1.822441 5.518725 4.923881
1.797086 5.380963 4.743665
1.826368 5.539977 4.951771
1.778787 5.280934 4.613454
1.749364 5.118904 4.403738
1.805522 5.426906 4.80366
1.806593 5.432731 4.811269
1.759047 5.172397 4.472805
1.780775 5.291824 4.627603
1.755325 5.151855 4.446263
1.810358 5.453191 4.838027
1.789347 5.338725 4.688616
1.757181 5.162101 4.459498
1.740399 5.069222 4.339744
1.846622 5.649264 5.095554
1.846622 5.649264 5.095554
1.807129 5.435643 4.815076
1.893801 5.901848 5.430082
1.86734 5.76051 5.242519
1.794488 5.366794 4.725188
1.801809 5.406697 4.777253
1.750274 5.123939 4.410232
1.849603 5.665301 5.116703
1.834344 5.583078 5.008405
1.840728 5.617514 5.05372
1.747099 5.10637 4.387579
1.855025 5.694444 5.155169
1.75394 5.144205 4.436384
1.799702 5.395223 4.762273
1.775336 5.262007 4.588879
1.803397 5.415341 4.788544
1.757181 5.162101 4.459498
1.810899 5.456129 4.841871
1.802337 5.409575 4.781011
1.77338 5.251267 4.574942
1.886536 5.863121 5.378598
1.82863 5.55221 4.967835
1.801809 5.406697 4.777253
1.79037 5.344312 4.695891
1.768535 5.224648 4.540431
1.74485 5.093912 4.371527
1.789347 5.338725 4.688616
1.803397 5.415341 4.788544
1.799702 5.395223 4.762273
1.79813 5.386656 4.751093
1.818555 5.497668 4.896271
1.816901 5.488703 4.884522
1.763758 5.19836 4.506388
1.822441 5.518725 4.923881
1.781273 5.294555 4.631153
1.831477 5.567593 4.988047
1.735572 5.042408 4.305268
1.749364 5.118904 4.403738
1.735572 5.042408 4.305268
1.733401 5.030337 4.289763
1.853209 5.68469 5.14229
1.788328 5.333156 4.681365
1.790882 5.34711 4.699535
1.819661 5.503664 4.904131
1.783777 5.308263 4.648974
1.768535 5.224648 4.540431
1.834344 5.583078 5.008405
