1.938684 6.139866 5.747966
1.74485 5.093912 4.371527
1.751644 5.131516 4.420006
1.809818 5.450257 4.834188
1.768535 5.224648 4.540431
1.75394 5.144205 4.436384
1.759047 5.172397 4.472805
1.768535 5.224648 4.540431
1.86922 5.770578 5.255849
1.805522 5.426906 4.80366
1.783777 5.308263 4.648974
1.74485 5.093912 4.371527
1.757181 5.162101 4.459498
1.866092 5.753821 5.233665
1.75394 5.144205 4.436384
1.770949 5.237915 4.557627
1.821327 5.512689 4.915964
1.725288 4.985126 4.231767
1.783777 5.308263 4.648974
1.806593 5.432731 4.811269
1.789347 5.338725 4.688616
1.799702 5.395223 4.762273
1.873006 5.790842 5.282692
1.809818 5.450257 4.834188
1.75394 5.144205 4.436384
1.809818 5.450257 4.834188
1.834344 5.583078 5.008405
1.822441 5.518725 4.923881
1.849603 5.665301 5.116703
1.797086 5.380963 4.743665
1.846622 5.649264 5.095554
1.826368 5.539977 4.951771
1.853209 5.68469 5.14229
1.822441 5.518725 4.923881
1.806593 5.432731 4.811269
1.805522 5.426906 4.80366
1.738635 5.05943 4.327149
1.723188 4.973399 4.216745
1.803397 5.415341 4.788544
1.840728 5.617514 5.05372
1.77338 5.251267 4.574942
1.77338 5.251267 4.574942
1.859293 5.71736 5.185444
1.825242 5.533885 4.943774
1.740399 5.069222 4.339744
1.799702 5.395223 4.762273
1.843664 5.633335 5.07456
1.757181 5.162101 4.459498
1.791909 5.352716 4.706839
1.801281 5.403823 4.7735
1.799702 5.395223 4.762273
1.853209 5.68469 5.14229
1.805522 5.426906 4.80366
1.783777 5.308263 4.648974
1.816901 5.488703 4.884522
1.803397 5.415341 4.788544
1.900516 5.937587 5.477655
1.783777 5.308263 4.648974
1.763758 5.198361 4.506388
1.756252 5.156972 4.452872
1.780775 5.291824 4.627603
1.799702 5.395223 4.762273
1.770465 5.235256 4.554179
1.810899 5.456129 4.841871
1.859293 5.71736 5.185444
1.722352 4.968728 4.210764
1.805522 5.426906 4.80366
1.805522 5.426906 4.80366
1.749364 5.118904 4.403738
1.75394 5.144205 4.436384
1.755788 5.154413 4.449565
1.829766 5.558351 4.975902
1.797086 5.380963 4.743665
1.82863 5.55221 4.967835
1.77338 5.251267 4.574942
1.749364 5.118904 4.403738
1.840728 5.617514 5.05372
1.749364 5.118904 4.403738
1.783777 5.308263 4.648974
1.783777 5.308263 4.648974
1.799702 5.395223 4.762273
1.802337 5.409575 4.781011
1.809279 5.447327 4.830355
1.77338 5.251267 4.574942
1.75394 5.144205 4.436384
1.710076 4.899984 4.1229
1.706886 4.882062 4.100044
1.765184 5.206213 4.516553
1.75394 5.144205 4.436384
1.791909 5.352716 4.706839
1.757646 5.16467 4.462818
1.766138 5.211464 4.523353
1.853209 5.68469 5.14229
1.866092 5.753821 5.233665
1.756252 5.156972 4.452872
1.79813 5.386656 4.751093
1.796044 5.375284 4.736259
1.809818 5.450257 4.834188
1.825242 5.533885 4.943774
1.82468 5.530845 4.939784
1.846622 5.649264 5.095554
1.805522 5.426906 4.80366
1.82863 5.55221 4.967835
1.785793 5.319292 4.66332
1.749364 5.118904 4.403738
1.77338 5.251267 4.574942
1.810899 5.456129 4.841871
1.799702 5.395223 4.762273
1.77338 5.251267 4.574942
1.805522 5.426906 4.80366
1.759047 5.172397 4.472805
1.86922 5.770578 5.255849
1.858069 5.71079 5.176762
1.859293 5.71736 5.185444
1.831477 5.567593 4.988047
1.801809 5.406697 4.777253
1.781273 5.294555 4.631153
1.759047 5.172397 4.472805
1.758113 5.167243 4.466143
1.795524 5.372446 4.732559
1.797086 5.380963 4.743665
1.834344 5.583078 5.008405
1.794488 5.366794 4.725188
1.859293 5.71736 5.185444
1.79813 5.386656 4.751093
1.810899 5.456129 4.841871
1.810899 5.456129 4.841871
1.718204 4.945539 4.181092
1.768535 5.224648 4.540431
1.75256 5.136582 4.426544
1.799702 5.395223 4.762273
1.859293 5.71736 5.185444
1.74485 5.093912 4.371527
1.794488 5.366794 4.725188
1.801809 5.406697 4.777253
1.74485 5.093912 4.371527
1.749364 5.118904 4.403738
1.866092 5.753821 5.233665
1.794488 5.366794 4.725188
1.810899 5.456129 4.841871
1.853209 5.68469 5.14229
1.747099 5.10637 4.387579
1.840728 5.617514 5.05372
1.79813 5.386656 4.751093
1.799702 5.395223 4.762273
1.740399 5.069222 4.339744
1.810899 5.456129 4.841871
1.803397 5.415341 4.788544
1.809818 5.450257 4.834188
1.801809 5.406697 4.777253
1.77338 5.251267 4.574942
1.915667 6.018059 5.58498
1.799702 5.395223 4.762273
1.759047 5.172397 4.472805
1.810899 5.456129 4.841871
1.822441 5.518725 4.923881
1.77338 5.251267 4.574942
1.759047 5.172397 4.472805
1.799702 5.395223 4.762273
1.846622 5.649264 5.095554
1.783777 5.308263 4.648974
1.745748 5.098886 4.377935
1.900516 5.937587 5.477655
1.858069 5.71079 5.176762
1.799702 5.395223 4.762273
1.810899 5.456129 4.841871
1.742617 5.081529 4.355583
1.77338 5.251267 4.574942
1.794488 5.366794 4.725188
1.861136 5.72725 5.198517
1.781273 5.294555 4.631153
1.842487 5.626994 5.066206
1.805522 5.426906 4.80366
1.788328 5.333156 4.681365
1.759047 5.172397 4.472805
1.836653 5.595542 5.024799
1.805522 5.426906 4.80366
1.794488 5.366794 4.725188
1.805522 5.426906 4.80366
1.82863 5.55221 4.967835
1.749364 5.118904 4.403738
1.782772 5.302762 4.641824
1.778787 5.280934 4.613454
1.768535 5.224648 4.540431
1.75394 5.144205 4.436384
1.846622 5.649264 5.095554
1.880684 5.831882 5.337118
1.86734 5.76051 5.242519
1.794488 5.366794 4.725188
1.830906 5.564508 4.983993
1.803397 5.415341 4.788544
1.805522 5.426906 4.80366
1.805522 5.426906 4.80366
1.873006 5.790842 5.282692
1.82863 5.55221 4.967835
1.778787 5.280934 4.613454
1.77978 5.286372 4.620519
1.759047 5.172397 4.472805
1.910096 5.988498 5.545521
1.846622 5.649264 5.095554
1.837233 5.598668 5.028913
1.768535 5.224648 4.540431
1.770465 5.235256 4.554179
1.751644 5.131516 4.420006
1.923445 6.059278 5.640063
1.807662 5.438542 4.818873
1.75394 5.144205 4.436384
1.789347 5.338725 4.688616
1.935008 6.120448 5.721941
1.769981 5.232598 4.550734
1.819661 5.503664 4.904131
1.755325 5.151855 4.446263
1.785288 5.316529 4.659726
1.855632 5.697704 5.159474
1.794488 5.366794 4.725188
1.794488 5.366794 4.725188
1.768535 5.224648 4.540431
1.799702 5.395223 4.762273
1.835497 5.589302 5.01659
1.822441 5.518725 4.923881
1.765184 5.206213 4.516553
1.747551 5.108871 4.390802
1.789348 5.338727 4.688618
1.853209 5.68469 5.14229
1.846622 5.649264 5.095554
1.807662 5.438542 4.818873
1.799702 5.395223 4.762273
1.822441 5.518725 4.923881
1.796044 5.375284 4.736259
1.783777 5.308263 4.648974
1.810899 5.456129 4.841871
1.895136 5.908955 5.439538
1.789348 5.338727 4.688618
1.789348 5.338727 4.688618
1.75394 5.144205 4.436384
1.822441 5.518725 4.923881
1.783777 5.308263 4.648974
1.816901 5.488703 4.884522
1.75073 5.126462 4.413486
1.79813 5.386656 4.751093
1.849603 5.665301 5.116703
1.75073 5.126462 4.413486
1.75394 5.144205 4.436384
1.799702 5.395223 4.762273
1.846622 5.649264 5.095554
1.781273 5.294555 4.631153
1.805522 5.426906 4.80366
1.799702 5.395223 4.762273
1.757181 5.162101 4.459498
1.779779 5.286367 4.620514
1.794488 5.366794 4.725188
1.740399 5.069222 4.339744
1.871109 5.780689 5.26924
1.75394 5.144205 4.436384
1.740399 5.069222 4.339744
1.786805 5.324827 4.670523
1.799702 5.395223 4.762273
1.741728 5.076598 4.349235
1.799702 5.395223 4.762273
1.785288 5.316529 4.659726
1.80874 5.4444 4.826527
1.749364 5.118904 4.403738
1.805522 5.426906 4.80366
1.759047 5.172397 4.472805
1.834344 5.583078 5.008405
1.810899 5.456129 4.841871
1.802337 5.409575 4.781011
1.809279 5.447327 4.830355
1.778787 5.280934 4.613454
1.801809 5.406697 4.777253
1.893801 5.901848 5.430082
1.802337 5.409575 4.781011
1.808202 5.441477 4.822704
1.796044 5.375284 4.736259
1.778787 5.280934 4.613454
1.821327 5.512689 4.915964
1.806593 5.432731 4.811269
1.802867 5.412456 4.784775
1.805522 5.426906 4.80366
1.835497 5.589302 5.01659
1.75394 5.144205 4.436384
1.767574 5.219365 4.533586
1.805522 5.426906 4.80366
1.794488 5.366794 4.725188
1.82863 5.55221 4.967835
1.756252 5.156972 4.452872
1.789347 5.338725 4.688616
1.792938 5.358336 4.714163
1.805522 5.426906 4.80366
1.778787 5.280934 4.613454
1.856239 5.700969 5.163786
1.808202 5.441477 4.822704
1.808202 5.441477 4.822704
1.75394 5.144205 4.436384
1.757181 5.162101 4.459498
1.768535 5.224648 4.540431
1.789347 5.338725 4.688616
1.873006 5.790842 5.282692
1.810899 5.456129 4.841871
1.765184 5.206213 4.516553
1.783777 5.308263 4.648974
1.759047 5.172397 4.472805
1.783777 5.308263 4.648974
1.866092 5.753821 5.233665
1.873006 5.790842 5.282692
1.783777 5.308263 4.648974
1.816901 5.488703 4.884522
1.722352 4.968728 4.210764
1.784782 5.313762 4.65613
1.853209 5.68469 5.14229
1.840728 5.617514 5.05372
1.810899 5.456129 4.841871
1.799702 5.395223 4.762273
1.841899 5.623829 5.062038
1.789347 5.338725 4.688616
1.86052 5.723948 5.194152
1.82863 5.55221 4.967835
1.781273 5.294555 4.631153
1.80874 5.4444 4.826527
1.82468 5.530845 4.939784
1.820771 5.509677 4.912014
1.799702 5.395223 4.762273
1.75394 5.144205 4.436384
1.75394 5.144205 4.436384
1.780276 5.289091 4.624054
1.752102 5.134047 4.423273
1.759047 5.172397 4.472805
1.855632 5.697704 5.159474
1.759047 5.172397 4.472805
1.807129 5.435643 4.815076
1.802337 5.409575 4.781011
1.749364 5.118904 4.403738
1.783777 5.308263 4.648974
1.749364 5.118904 4.403738
1.824119 5.527809 4.9358
1.759047 5.172397 4.472805
1.749364 5.118904 4.403738
1.861136 5.727249 5.198517
1.797086 5.380963 4.743665
1.75394 5.144205 4.436384
1.805522 5.426906 4.80366
1.709275 4.895487 4.117164
1.806593 5.432731 4.811269
1.747551 5.108871 4.390802
1.810899 5.456129 4.841871
1.829766 5.558351 4.975902
1.853209 5.68469 5.14229
1.840728 5.617514 5.05372
1.867966 5.763861 5.246955
1.810899 5.456129 4.841871
1.822441 5.518725 4.923881
1.855025 5.694444 5.155169
1.840728 5.617514 5.05372
1.82468 5.530845 4.939784
1.726979 4.994559 4.243856
1.818555 5.497668 4.896271
1.758113 5.167243 4.466143
1.729105 5.006413 4.259058
1.763758 5.198361 4.506388
1.799702 5.395223 4.762273
1.840728 5.617514 5.05372
1.799702 5.395223 4.762273
1.805522 5.426906 4.80366
1.846622 5.649264 5.095554
1.900516 5.937587 5.477655
1.757181 5.162101 4.459498
1.82863 5.55221 4.967835
1.797086 5.380963 4.743665
1.749364 5.118904 4.403738
1.768535 5.224648 4.540431
1.873006 5.790842 5.282692
1.822441 5.518725 4.923881
1.790882 5.34711 4.699535
1.805522 5.426906 4.80366
1.805522 5.426906 4.80366
1.86922 5.770578 5.255849
1.783777 5.308263 4.648974
1.757646 5.16467 4.462818
1.794488 5.366794 4.725188
1.797086 5.380963 4.743665
1.840728 5.617514 5.05372
1.759047 5.172397 4.472805
1.932817 6.108867 5.706427
1.775336 5.262007 4.588879
1.799702 5.395223 4.762273
1.786805 5.324827 4.670523
1.846622 5.649264 5.095554
1.765184 5.206213 4.516553
1.799702 5.395223 4.762273
1.799702 5.395223 4.762273
1.805522 5.426906 4.80366
1.808202 5.441477 4.822704
1.75073 5.126462 4.413486
1.816901 5.488703 4.884522
1.810899 5.456129 4.841871
1.759047 5.172397 4.472805
1.853209 5.68469 5.14229
1.785288 5.316529 4.659726
1.722352 4.968728 4.210764
1.759047 5.172397 4.472805
1.810899 5.456129 4.841871
1.867966 5.763861 5.246955
1.767574 5.219365 4.533586
1.759047 5.172397 4.472805
1.759047 5.172397 4.472805
1.805522 5.426906 4.80366
1.75394 5.144205 4.436384
1.805522 5.426906 4.80366
1.849005 5.662085 5.112461
1.781273 5.294555 4.631153
1.866092 5.753821 5.233665
1.830335 5.561427 4.979945
1.767095 5.216728 4.53017
1.806593 5.432731 4.811269
1.873006 5.790842 5.282692
1.808202 5.441477 4.822704
1.757646 5.16467 4.462818
1.789347 5.338725 4.688616
1.799702 5.395223 4.762273
1.862987 5.737179 5.211648
1.794488 5.366794 4.725188
1.766138 5.211464 4.523353
1.846622 5.649264 5.095554
1.832621 5.573775 4.996173
1.740399 5.069222 4.339744
1.805522 5.426906 4.80366
1.807662 5.438542 4.818873
1.834344 5.583078 5.008405
1.790882 5.34711 4.699535
1.789348 5.338727 4.688618
1.751644 5.131516 4.420006
1.809818 5.450257 4.834188
1.844845 5.639694 5.082939
1.77978 5.286372 4.620519
1.781273 5.294555 4.631153
1.783777 5.308263 4.648974
1.79813 5.386656 4.751093
1.809279 5.447327 4.830355
1.810899 5.456129 4.841871
1.805522 5.426906 4.80366
1.810899 5.456129 4.841871
1.810899 5.456129 4.841871
1.791909 5.352716 4.706839
1.794488 5.366794 4.725188
1.805522 5.426906 4.80366
1.805522 5.426906 4.80366
1.805522 5.426906 4.80366
1.759047 5.172397 4.472805
1.810899 5.456129 4.841871
1.840728 5.617514 5.05372
1.792938 5.358336 4.714163
1.82863 5.55221 4.967835
1.737319 5.052117 4.317747
1.775336 5.262007 4.588879
1.806593 5.432731 4.811269
1.818555 5.497668 4.896271
1.816901 5.488703 4.884522
1.810899 5.456129 4.841871
1.832621 5.573775 4.996172
1.787312 5.3276 4.674132
1.756252 5.156972 4.452872
1.791909 5.352716 4.706839
1.783777 5.308263 4.648974
1.75394 5.144205 4.436384
1.740399 5.069222 4.339744
1.780276 5.289091 4.624054
1.782273 5.300028 4.638266
1.794488 5.366794 4.725188
1.824119 5.527809 4.9358
1.840728 5.617514 5.05372
1.809818 5.450257 4.834188
1.726979 4.994559 4.243856
1.799702 5.395223 4.762273
1.808202 5.441477 4.822704
1.766616 5.214094 4.526758
1.822441 5.518725 4.923881
1.77338 5.251267 4.574942
1.802337 5.409575 4.781011
1.776811 5.270098 4.599382
1.854419 5.691188 5.150869
1.75394 5.144205 4.436384
1.802867 5.412456 4.784775
1.763758 5.19836 4.506388
1.915667 6.018059 5.58498
1.799702 5.395223 4.762273
1.768535 5.224648 4.540431
1.853209 5.68469 5.14229
1.873006 5.790842 5.282692
1.810899 5.456129 4.841871
1.859293 5.71736 5.185444
1.755788 5.154412 4.449565
1.783777 5.308263 4.648974
1.866092 5.753821 5.233665
1.770465 5.235256 4.554179
1.75394 5.144205 4.436384
1.830335 5.561427 4.979945
1.807129 5.435643 4.815076
1.782273 5.300028 4.638266
1.775336 5.262004 4.588876
1.806593 5.432731 4.811269
1.810899 5.456129 4.841871
1.830335 5.561427 4.979945
1.797086 5.380963 4.743665
1.794488 5.366794 4.725188
1.77338 5.251267 4.574942
1.797086 5.380963 4.743665
1.930637 6.097338 5.690989
1.77338 5.251267 4.574942
1.79037 5.344312 4.695891
1.854419 5.691188 5.150869
1.755788 5.154412 4.449565
1.755788 5.154413 4.449565
1.779779 5.286367 4.620514
1.822441 5.518725 4.923881
1.759047 5.172397 4.472805
1.74485 5.093912 4.371527
1.799702 5.395223 4.762273
1.799702 5.395223 4.762273
1.859293 5.71736 5.185444
1.859293 5.71736 5.185444
1.794488 5.366794 4.725188
1.789347 5.338725 4.688616
1.733401 5.030337 4.289763
1.75394 5.144205 4.436384
1.853209 5.68469 5.14229
1.805522 5.426906 4.80366
1.873006 5.790842 5.282692
1.796044 5.375284 4.736259
1.759047 5.172397 4.472805
1.799702 5.395223 4.762273
1.759047 5.172397 4.472805
1.783777 5.308263 4.648974
1.849005 5.662085 5.112461
1.794488 5.366794 4.725188
1.756252 5.156972 4.452872
1.787312 5.3276 4.674132
1.75394 5.144205 4.436384
1.810899 5.456129 4.841871
1.816901 5.488703 4.884522
1.836653 5.595542 5.024799
1.789347 5.338725 4.688616
1.794488 5.366794 4.725188
1.768535 5.224648 4.540431
1.848408 5.658873 5.108225
1.752102 5.134047 4.423273
1.776319 5.267398 4.595876
1.714113 4.922626 4.151806
1.757181 5.162101 4.459498
1.785793 5.319292 4.66332
1.75394 5.144205 4.436384
1.844845 5.639694 5.082939
1.783777 5.308263 4.648974
1.737319 5.052117 4.317747
1.82863 5.55221 4.967835
1.794488 5.366794 4.725188
1.784782 5.313762 4.65613
1.840728 5.617514 5.05372
1.741728 5.076598 4.349235
1.859293 5.71736 5.185444
1.82863 5.55221 4.967835
1.848408 5.658873 5.108225
1.749364 5.118904 4.403738
1.786805 5.324827 4.670523
1.810899 5.456129 4.841871
1.816901 5.488703 4.884522
1.747551 5.108871 4.390802
1.799702 5.395223 4.762273
1.911482 5.995856 5.555339
1.820771 5.509677 4.912014
1.768535 5.224648 4.540431
1.789347 5.338725 4.688616
1.834344 5.583078 5.008405
1.780276 5.289091 4.624054
1.866092 5.753821 5.233665
1.806593 5.432731 4.811269
1.806059 5.429824 4.807468
1.759047 5.172397 4.472805
1.797086 5.380963 4.743665
1.789347 5.338725 4.688616
1.791909 5.352716 4.706839
1.810899 5.456129 4.841871
1.77338 5.251267 4.574942
1.789347 5.338725 4.688616
1.853209 5.68469 5.14229
1.789347 5.338725 4.688616
1.810899 5.456129 4.841871
1.789347 5.338725 4.688616
1.805522 5.426906 4.80366
1.829766 5.558351 4.975902
1.757646 5.16467 4.462818
1.82863 5.55221 4.967835
1.768535 5.224648 4.540431
1.756252 5.156972 4.452872
1.805522 5.426906 4.80366
1.775336 5.262004 4.588876
1.75394 5.144205 4.436384
1.77338 5.251267 4.574942
1.801809 5.406697 4.777253
1.806593 5.432731 4.811269
1.805522 5.426906 4.80366
1.826932 5.543029 4.955779
1.781273 5.294555 4.631153
1.82863 5.55221 4.967835
1.787312 5.3276 4.674132
1.778787 5.280934 4.613454
1.862987 5.737179 5.211648
1.77338 5.251267 4.574942
1.797086 5.380963 4.743665
1.822441 5.518725 4.923881
1.805522 5.426906 4.80366
1.77338 5.251267 4.574942
1.834344 5.583078 5.008405
1.803397 5.415341 4.788544
1.805522 5.426906 4.80366
1.763758 5.198361 4.506388
1.768535 5.224648 4.540431
1.775827 5.264701 4.592375
1.808202 5.441477 4.822704
1.840728 5.617514 5.05372
1.822441 5.518725 4.923881
1.794488 5.366794 4.725188
1.846622 5.649264 5.095554
1.856239 5.700969 5.163786
1.75394 5.144205 4.436384
1.805522 5.426906 4.80366
1.796044 5.375284 4.736259
1.843075 5.630162 5.07038
1.755788 5.154413 4.449565
1.834344 5.583078 5.008405
1.783777 5.308263 4.648974
1.799702 5.395223 4.762273
1.807129 5.435643 4.815076
1.840728 5.617514 5.05372
1.77338 5.251267 4.574942
1.775336 5.262007 4.588879
1.80874 5.4444 4.826527
1.794488 5.366794 4.725188
1.79813 5.386656 4.751093
1.775336 5.262007 4.588879
1.75394 5.144205 4.436384
1.799702 5.395223 4.762273
1.756252 5.156972 4.452872
1.751644 5.131516 4.420006
1.810899 5.456129 4.841871
1.759047 5.172397 4.472805
1.799702 5.395223 4.762273
1.797086 5.380963 4.743665
1.75394 5.144205 4.436384
1.758113 5.167243 4.466143
1.799702 5.395223 4.762273
1.799702 5.395223 4.762273
1.805522 5.426906 4.80366
1.75394 5.144205 4.436384
1.759047 5.172397 4.472805
1.75394 5.144205 4.436384
1.866092 5.753821 5.233665
1.834344 5.583078 5.008405
1.799702 5.395223 4.762273
1.787312 5.3276 4.674132
1.818003 5.494676 4.892349
1.802337 5.409575 4.781011
1.810899 5.456129 4.841871
1.797086 5.380963 4.743665
1.75394 5.144205 4.436384
1.710076 4.899984 4.1229
1.799702 5.395223 4.762273
1.757181 5.162101 4.459498
1.873006 5.790842 5.282692
1.790882 5.34711 4.699535
1.778787 5.280934 4.613454
1.794488 5.366794 4.725188
1.820215 5.506669 4.90807
1.810899 5.456129 4.841871
1.805522 5.426906 4.80366
1.759047 5.172397 4.472805
1.776319 5.267398 4.595876
1.856239 5.700969 5.163786
1.787817 5.330365 4.677736
1.808202 5.441477 4.822704
1.86734 5.76051 5.242519
1.810899 5.456129 4.841871
1.822441 5.518725 4.923881
1.763758 5.198361 4.506388
1.807129 5.435643 4.815076
1.791909 5.352716 4.706839
1.77338 5.251267 4.574942
1.747551 5.108871 4.390802
1.784782 5.313762 4.65613
1.810899 5.456129 4.841871
1.853209 5.68469 5.14229
1.859293 5.71736 5.185444
1.77338 5.251267 4.574942
1.806593 5.432731 4.811269
1.809818 5.450257 4.834188
1.800754 5.400952 4.769752
1.735572 5.042408 4.305268
1.784782 5.313762 4.65613
1.757181 5.162101 4.459498
1.794488 5.366794 4.725188
1.770949 5.237915 4.557627
1.789348 5.338727 4.688618
1.749364 5.118904 4.403738
1.802337 5.409575 4.781011
1.799702 5.395223 4.762273
1.873006 5.790842 5.282692
1.759047 5.172397 4.472805
1.799702 5.395223 4.762273
1.866092 5.753821 5.233665
1.831477 5.567593 4.988047
1.792938 5.358336 4.714163
1.807129 5.435643 4.815076
1.735572 5.042408 4.305268
1.779779 5.286367 4.620514
1.791909 5.352716 4.706839
1.805522 5.426906 4.80366
1.796044 5.375284 4.736259
1.82863 5.55221 4.967835
1.990197 6.410687 6.112528
1.859293 5.71736 5.185444
1.809279 5.447327 4.830355
1.740399 5.069222 4.339744
1.818003 5.494676 4.892349
1.77338 5.251267 4.574942
1.807129 5.435643 4.815076
1.749364 5.118904 4.403738
1.789347 5.338725 4.688616
1.846622 5.649264 5.095554
1.792938 5.358336 4.714163
1.796044 5.375284 4.736259
1.842487 5.626994 5.066206
1.778787 5.280934 4.613454
1.805522 5.426906 4.80366
1.772405 5.245917 4.568002
1.866092 5.753821 5.233665
1.74485 5.093912 4.371527
1.749364 5.118904 4.403738
1.785793 5.319292 4.66332
1.853209 5.68469 5.14229
1.778787 5.280934 4.613454
1.75394 5.144205 4.436384
1.759047 5.172397 4.472805
1.805522 5.426906 4.80366
1.75394 5.144205 4.436384
1.748456 5.113881 4.397261
1.806593 5.432731 4.811269
1.841899 5.623829 5.062038
1.783777 5.308263 4.648974
1.751187 5.128987 4.416744
1.805522 5.426906 4.80366
1.810899 5.456129 4.841871
1.805522 5.426906 4.80366
1.785793 5.319292 4.66332
1.711281 4.906748 4.131532
1.75394 5.144205 4.436384
1.747099 5.10637 4.387579
1.807129 5.435643 4.815076
1.794488 5.366794 4.725188
1.749364 5.118904 4.403738
1.775336 5.262007 4.588879
1.810899 5.456129 4.841871
1.786805 5.324827 4.670523
1.74485 5.093912 4.371527
1.799702 5.395223 4.762273
1.726979 4.994559 4.243856
1.737319 5.052117 4.317747
1.82863 5.55221 4.967835
1.712896 4.915805 4.143095
1.794488 5.366794 4.725188
1.791395 5.349911 4.703185
1.745748 5.098886 4.377935
1.785288 5.316529 4.659726
1.763758 5.198361 4.506388
