1.826368 5.539977 4.951771
1.834344 5.583078 5.008405
1.766138 5.211464 4.523353
1.866092 5.753821 5.233665
1.756252 5.156972 4.452872
1.735572 5.042408 4.305268
1.805522 5.426906 4.80366
1.77338 5.251267 4.574942
1.853209 5.68469 5.14229
1.805522 5.426906 4.80366
1.763758 5.19836 4.506388
1.757181 5.162101 4.459498
1.741284 5.074136 4.346067
1.794488 5.366794 4.725188
1.794488 5.366794 4.725188
1.855025 5.694444 5.155169
1.77338 5.251267 4.574942
1.82863 5.55221 4.967835
1.796565 5.378122 4.73996
1.822441 5.518725 4.923881
1.810899 5.456129 4.841871
1.846622 5.649264 5.095554
1.845436 5.64288 5.087138
1.834344 5.583078 5.008405
1.797086 5.380963 4.743665
1.780276 5.289091 4.624054
1.848408 5.658873 5.108225
1.799702 5.395223 4.762273
1.794488 5.366794 4.725188
1.789348 5.338727 4.688618
1.799702 5.395223 4.762273
1.770465 5.235256 4.554179
1.799702 5.395223 4.762273
1.799702 5.395223 4.762273
1.816901 5.488703 4.884522
1.766138 5.211464 4.523353
1.895804 5.912516 5.444277
1.729105 5.006413 4.259058
1.810899 5.456129 4.841871
1.810899 5.456129 4.841871
1.756252 5.156972 4.452872
1.749364 5.118904 4.403738
1.902551 5.94841 5.492073
1.740399 5.069222 4.339744
1.809279 5.447327 4.830355
1.82863 5.55221 4.967835
1.810899 5.456129 4.841871
1.785793 5.319292 4.66332
1.866092 5.753821 5.233665
1.810899 5.456129 4.841871
1.807129 5.435643 4.815076
1.749364 5.118904 4.403738
1.848408 5.658873 5.108225
1.796044 5.375284 4.736259
1.757646 5.16467 4.462818
1.789347 5.338725 4.688616
1.82468 5.530845 4.939784
1.759047 5.172397 4.472805
1.796044 5.375284 4.736259
1.77338 5.251267 4.574942
1.810899 5.456129 4.841871
1.862987 5.737179 5.211648
1.794488 5.366794 4.725188
1.866092 5.753821 5.233665
1.82863 5.55221 4.967835
1.75394 5.144205 4.436384
1.799702 5.395223 4.762273
1.825242 5.533885 4.943774
1.796044 5.375284 4.736259
1.75394 5.144205 4.436384
1.846622 5.649264 5.095554
1.799702 5.395223 4.762273
1.794488 5.366794 4.725188
1.777304 5.272799 4.60289
1.805522 5.426906 4.80366
1.783777 5.308263 4.648974
1.756252 5.156972 4.452872
1.80874 5.4444 4.826527
1.799702 5.395223 4.762273
1.823548 5.524726 4.931775
1.78782 5.330376 4.677746
1.794488 5.366794 4.725188
1.806593 5.432731 4.811269
1.849603 5.665301 5.116703
1.794488 5.366794 4.725188
1.808202 5.441477 4.822704
1.807129 5.435643 4.815076
1.866092 5.753821 5.233665
1.822441 5.518725 4.923881
1.819661 5.503664 4.904131
1.757646 5.16467 4.462818
1.783777 5.308263 4.648974
1.799702 5.395223 4.762273
1.82863 5.55221 4.967835
1.859293 5.71736 5.185444
1.757181 5.162101 4.459498
1.840728 5.617514 5.05372
1.781273 5.294555 4.631153
1.75394 5.144205 4.436384
1.753019 5.13912 4.429819
1.810899 5.456129 4.841871
1.75394 5.144205 4.436384
1.783777 5.308263 4.648974
1.809818 5.450257 4.834188
1.759047 5.172397 4.472805
1.810899 5.456129 4.841871
1.794488 5.366794 4.725188
1.810899 5.456129 4.841871
1.801281 5.403823 4.7735
1.783777 5.308263 4.648974
1.799702 5.395223 4.762273
1.809279 5.447327 4.830355
1.751644 5.131516 4.420006
1.826368 5.539977 4.951771
1.810899 5.456129 4.841871
1.75394 5.144205 4.436384
1.742172 5.079062 4.352407
1.810899 5.456129 4.841871
1.733401 5.030337 4.289763
1.798653 5.389508 4.754814
1.712492 4.913537 4.140198
1.805522 5.426906 4.80366
1.82863 5.55221 4.967835
1.846622 5.649264 5.095554
1.785288 5.316529 4.659726
1.791909 5.352716 4.706839
1.799702 5.395223 4.762273
1.789347 5.338725 4.688616
1.776811 5.270098 4.599382
1.799702 5.395223 4.762273
1.757646 5.16467 4.462818
1.794488 5.366794 4.725188
1.810899 5.456129 4.841871
1.787312 5.3276 4.674132
1.776318 5.267395 4.595874
1.749364 5.118904 4.403738
1.829198 5.555278 4.971866
1.75394 5.144205 4.436384
1.77338 5.251267 4.574942
1.755788 5.154412 4.449565
1.768535 5.224648 4.540431
1.840728 5.617514 5.05372
1.77978 5.286372 4.620519
1.873006 5.790842 5.282692
1.768535 5.224648 4.540431
1.789348 5.338727 4.688618
1.790882 5.34711 4.699535
1.810899 5.456129 4.841871
1.805522 5.426906 4.80366
1.807129 5.435643 4.815076
1.799702 5.395223 4.762273
1.759047 5.172397 4.472805
1.783777 5.308263 4.648974
1.789348 5.338727 4.688618
1.806593 5.432731 4.811269
1.751644 5.131516 4.420006
1.848408 5.658873 5.108225
1.768535 5.224648 4.540431
1.809279 5.447327 4.830355
1.799702 5.395223 4.762273
1.802337 5.409575 4.781011
1.838976 5.608072 5.041289
1.796565 5.378122 4.73996
1.790882 5.34711 4.699535
1.724867 4.982775 4.228755
1.805522 5.426906 4.80366
1.735572 5.042408 4.305268
1.866092 5.753821 5.233665
1.829766 5.558351 4.975902
1.840728 5.617514 5.05372
1.756252 5.156972 4.452872
1.749364 5.118904 4.403738
1.808202 5.441477 4.822704
1.797086 5.380963 4.743665
1.821327 5.512689 4.915964
1.841899 5.623829 5.062038
1.816901 5.488703 4.884522
1.846622 5.649264 5.095554
1.799702 5.395223 4.762273
1.840728 5.617514 5.05372
1.808202 5.441477 4.822704
1.805522 5.426906 4.80366
1.82468 5.530845 4.939784
1.776319 5.267398 4.595876
1.79037 5.344312 4.695891
1.809279 5.447327 4.830355
1.781273 5.294555 4.631153
1.799702 5.395223 4.762273
1.770949 5.237915 4.557627
1.822441 5.518725 4.923881
1.749364 5.118904 4.403738
1.816901 5.488703 4.884522
1.756252 5.156972 4.452872
1.778787 5.280934 4.613454
1.740399 5.069222 4.339744
1.853209 5.68469 5.14229
1.807129 5.435643 4.815076
1.74485 5.093912 4.371527
1.807129 5.435643 4.815076
1.840728 5.617514 5.05372
1.749364 5.118904 4.403738
1.77338 5.251267 4.574942
1.783777 5.308263 4.648974
1.759047 5.172397 4.472805
1.759047 5.172397 4.472805
1.816901 5.488703 4.884522
1.783777 5.308263 4.648974
1.818555 5.497668 4.896271
1.776319 5.267398 4.595876
1.712088 4.911271 4.137306
1.77338 5.251267 4.574942
1.792938 5.358336 4.714163
1.873006 5.790842 5.282692
1.82863 5.55221 4.967835
1.75394 5.144205 4.436384
1.777304 5.272799 4.60289
1.82468 5.530845 4.939784
1.850801 5.671746 5.125207
1.775336 5.262007 4.588879
1.712088 4.911271 4.137306
1.810899 5.456129 4.841871
1.781773 5.29729 4.634707
1.810899 5.456129 4.841871
1.808202 5.441477 4.822704
1.794488 5.366794 4.725188
1.809279 5.447327 4.830355
1.768535 5.224648 4.540431
1.789347 5.338725 4.688616
1.750274 5.12394 4.410232
1.803397 5.415341 4.788544
1.82863 5.55221 4.967835
1.775336 5.262007 4.588879
1.796044 5.375284 4.736259
1.727828 4.999292 4.249925
1.794488 5.366794 4.725188
1.751644 5.131516 4.420006
1.923445 6.059278 5.640063
1.790882 5.34711 4.699535
1.75394 5.144205 4.436384
1.816901 5.488703 4.884522
1.743062 5.084 4.358764
1.749364 5.118904 4.403738
1.810899 5.456129 4.841871
1.808202 5.441477 4.822704
1.841899 5.623829 5.062038
1.740399 5.069222 4.339744
1.838976 5.608072 5.041289
1.759047 5.172397 4.472805
1.74485 5.093912 4.371527
1.831477 5.567593 4.988047
1.801281 5.403823 4.7735
1.840728 5.617514 5.05372
1.821327 5.512689 4.915964
1.810899 5.456129 4.841871
1.801809 5.406697 4.777253
1.834344 5.583078 5.008405
1.763758 5.19836 4.506388
1.799702 5.395223 4.762273
1.810358 5.453191 4.838027
1.810899 5.456129 4.841871
1.783777 5.308263 4.648974
1.743062 5.084 4.358763
1.785288 5.316529 4.659726
1.805522 5.426906 4.80366
1.794488 5.366794 4.725188
1.759047 5.172397 4.472805
1.808202 5.441477 4.822704
1.834344 5.583078 5.008405
1.799702 5.395223 4.762273
1.799702 5.395223 4.762273
1.803397 5.415341 4.788544
1.861136 5.72725 5.198517
1.750274 5.123939 4.410232
1.759047 5.172397 4.472805
1.802337 5.409575 4.781011
1.807129 5.435643 4.815076
1.861752 5.730555 5.202887
1.756252 5.156972 4.452872
1.757646 5.16467 4.462818
1.785793 5.319292 4.66332
1.763758 5.19836 4.506388
1.848408 5.658873 5.108225
1.810899 5.456129 4.841871
1.868593 5.767217 5.251399
1.799702 5.395223 4.762273
1.754862 5.149302 4.442965
1.781273 5.294555 4.631153
1.810899 5.456129 4.841871
1.750274 5.123939 4.410232
1.873006 5.790842 5.282692
1.749364 5.118904 4.403738
1.74485 5.093912 4.371528
1.879394 5.824994 5.327978
1.759047 5.172397 4.472805
1.807129 5.435643 4.815076
1.798653 5.389508 4.754814
1.799702 5.395223 4.762273
1.79813 5.386656 4.751093
1.822441 5.518725 4.923881
1.735572 5.042408 4.305268
1.831477 5.567593 4.988047
1.806593 5.432731 4.811269
1.841899 5.62383 5.062038
1.832621 5.573775 4.996173
1.799702 5.395223 4.762273
1.799702 5.395223 4.762273
1.783777 5.308263 4.648974
1.79037 5.344312 4.695891
1.759047 5.172397 4.472805
1.846622 5.649264 5.095554
1.799702 5.395223 4.762273
1.768535 5.224648 4.540431
1.903231 5.952028 5.496894
1.799702 5.395223 4.762273
1.802337 5.409575 4.781011
1.805522 5.426906 4.80366
1.751644 5.131516 4.420006
1.722352 4.968728 4.210764
1.794488 5.366794 4.725188
1.82863 5.55221 4.967835
1.840728 5.617514 5.05372
1.783777 5.308263 4.648974
1.778787 5.280934 4.613454
1.77338 5.251267 4.574942
1.810899 5.456129 4.841871
1.834344 5.583078 5.008405
1.755325 5.151855 4.446263
1.843664 5.633335 5.07456
1.75073 5.126462 4.413486
1.801809 5.406697 4.777253
1.805522 5.426906 4.80366
1.75394 5.144205 4.436384
1.756252 5.156972 4.452872
1.763758 5.198361 4.506388
1.822441 5.518725 4.923881
1.859293 5.71736 5.185444
1.749364 5.118904 4.403738
1.799702 5.395223 4.762273
1.799702 5.395223 4.762273
1.846622 5.649264 5.095554
1.802337 5.409575 4.781011
1.794488 5.366794 4.725188
1.794488 5.366794 4.725188
1.778787 5.280934 4.613454
1.791908 5.352713 4.706836
1.846622 5.649264 5.095554
1.873006 5.790842 5.282692
1.859293 5.71736 5.185444
1.908025 5.977501 5.530852
1.789348 5.338727 4.688618
1.853209 5.68469 5.14229
1.781273 5.294555 4.631153
1.79037 5.344312 4.695891
1.748456 5.113881 4.397262
1.841899 5.62383 5.062038
1.800754 5.400952 4.769752
1.859293 5.71736 5.185444
1.810899 5.456129 4.841871
1.759047 5.172397 4.472805
1.792937 5.358333 4.71416
1.866092 5.753821 5.233665
1.785793 5.319292 4.66332
1.805522 5.426906 4.80366
1.822441 5.518725 4.923881
1.790882 5.34711 4.699535
1.785793 5.319292 4.66332
1.810899 5.456129 4.841871
1.757181 5.162101 4.459498
1.770949 5.237915 4.557627
1.749364 5.118904 4.403738
1.75394 5.144205 4.436384
1.810899 5.456129 4.841871
1.790882 5.34711 4.699535
1.799702 5.395223 4.762273
1.77338 5.251267 4.574942
1.783777 5.308263 4.648974
1.799702 5.395223 4.762273
1.794488 5.366794 4.725188
1.794488 5.366794 4.725188
1.831477 5.567593 4.988047
1.862987 5.737179 5.211648
1.799702 5.395223 4.762273
1.849603 5.665301 5.116703
1.810899 5.456129 4.841871
1.75394 5.144205 4.436384
1.735572 5.042408 4.305268
1.808202 5.441477 4.822704
1.799702 5.395223 4.762273
1.840728 5.617514 5.05372
1.805522 5.426906 4.80366
1.836653 5.595542 5.024799
1.763758 5.19836 4.506388
1.810899 5.456129 4.841871
1.862987 5.737179 5.211648
1.810899 5.456129 4.841871
1.794488 5.366794 4.725188
1.785288 5.316529 4.659726
1.785288 5.316529 4.659726
1.757181 5.162101 4.459498
1.810899 5.456129 4.841871
1.866092 5.753821 5.233665
1.792938 5.358336 4.714163
1.808202 5.441477 4.822704
1.75394 5.144205 4.436384
1.77338 5.251267 4.574942
1.822441 5.518725 4.923881
1.832621 5.573775 4.996172
1.810899 5.456129 4.841871
1.794488 5.366794 4.725188
1.873006 5.790842 5.282692
1.801281 5.403823 4.7735
1.834344 5.583078 5.008405
1.770949 5.237915 4.557627
1.785793 5.319292 4.66332
1.785793 5.319292 4.66332
1.789347 5.338725 4.688616
1.768535 5.224648 4.540431
1.849603 5.665301 5.116703
1.834344 5.583078 5.008405
1.810899 5.456129 4.841871
1.826932 5.543029 4.955779
1.786803 5.324817 4.670514
1.82863 5.55221 4.967835
1.82863 5.55221 4.967835
1.789348 5.338727 4.688618
1.74485 5.093912 4.371528
1.808202 5.441477 4.822704
1.75394 5.144205 4.436384
1.849603 5.665301 5.116703
1.805522 5.426906 4.80366
1.822441 5.518725 4.923881
1.859293 5.71736 5.185444
1.791908 5.352713 4.706836
1.778787 5.280934 4.613454
1.801809 5.406697 4.777253
1.822441 5.518725 4.923881
1.853209 5.68469 5.14229
1.768535 5.224648 4.540431
1.785288 5.316529 4.659726
1.822441 5.518725 4.923881
1.789348 5.338727 4.688618
1.791394 5.349908 4.703182
1.843664 5.633335 5.07456
1.756252 5.156972 4.452872
1.806593 5.432731 4.811269
1.857458 5.707512 5.17243
1.799702 5.395223 4.762273
1.801809 5.406697 4.777253
1.759047 5.172397 4.472805
1.810899 5.456129 4.841871
1.826368 5.539977 4.951771
1.794488 5.366794 4.725188
1.808202 5.441477 4.822704
1.810899 5.456129 4.841871
1.809279 5.447327 4.830355
1.783777 5.308263 4.648974
1.862987 5.737179 5.211648
1.857458 5.707512 5.17243
1.778787 5.280934 4.613454
1.797086 5.380963 4.743665
1.867966 5.763861 5.246955
1.778787 5.280934 4.613454
1.807665 5.438558 4.818887
1.840728 5.617514 5.05372
1.807129 5.435643 4.815076
1.791909 5.352716 4.706839
1.825242 5.533885 4.943774
1.806593 5.432731 4.811269
1.756716 5.159535 4.456183
1.810899 5.456129 4.841871
1.789348 5.338727 4.688618
1.759047 5.172397 4.472805
1.789348 5.338727 4.688618
1.719443 4.952467 4.189953
1.770949 5.237915 4.557627
1.74485 5.093912 4.371528
1.846622 5.649264 5.095554
1.856239 5.700969 5.163786
1.879394 5.824994 5.327978
1.809818 5.450257 4.834188
1.809818 5.450257 4.834188
1.768535 5.224648 4.540431
1.886536 5.863121 5.378598
1.846622 5.649264 5.095554
1.805522 5.426906 4.80366
1.810899 5.456129 4.841871
1.763758 5.198361 4.506388
1.786805 5.324827 4.670523
1.736881 5.049685 4.314621
1.756716 5.159535 4.456183
1.808202 5.441477 4.822704
1.840728 5.617514 5.05372
1.866092 5.753821 5.233665
1.768535 5.224648 4.540431
1.756252 5.156972 4.452872
1.781273 5.294555 4.631153
1.801809 5.406697 4.777253
1.816901 5.488703 4.884522
1.711281 4.906748 4.131532
1.799702 5.395223 4.762273
1.756252 5.156972 4.452872
1.786805 5.324827 4.670523
1.843664 5.633335 5.07456
1.800754 5.400952 4.769752
1.82863 5.55221 4.967835
1.805522 5.426906 4.80366
1.783777 5.308263 4.648974
1.86052 5.723948 5.194152
1.751644 5.131516 4.420006
1.846622 5.649264 5.095554
1.756252 5.156972 4.452872
1.79037 5.344312 4.695891
1.810899 5.456129 4.841871
1.82863 5.55221 4.967835
1.772405 5.245917 4.568002
1.77338 5.251267 4.574942
1.853209 5.68469 5.14229
1.802337 5.409575 4.781011
1.770465 5.235256 4.554179
1.74485 5.093912 4.371527
1.763758 5.198361 4.506388
1.731246 5.018339 4.274359
1.783777 5.308263 4.648974
1.816901 5.488703 4.884522
1.810899 5.456129 4.841871
1.862987 5.737179 5.211648
1.810899 5.456129 4.841871
1.747099 5.10637 4.387579
1.789348 5.338727 4.688618
1.793453 5.361148 4.71783
1.763758 5.19836 4.506388
1.756252 5.156972 4.452872
1.774846 5.259317 4.585388
1.805522 5.426906 4.80366
1.810899 5.456129 4.841871
1.75394 5.144205 4.436384
1.75394 5.144205 4.436384
1.799702 5.395223 4.762273
1.794488 5.366794 4.725188
1.859293 5.71736 5.185444
1.849005 5.662085 5.112461
1.810899 5.456129 4.841871
1.763758 5.198361 4.506388
1.794488 5.366794 4.725188
1.791909 5.352716 4.706839
1.735572 5.042408 4.305268
1.834344 5.583078 5.008405
1.778787 5.280934 4.613454
1.74485 5.093912 4.371527
1.801809 5.406697 4.777253
1.859293 5.71736 5.185444
1.774846 5.259317 4.585388
1.786805 5.324827 4.670523
1.740399 5.069222 4.339744
1.783777 5.308263 4.648974
1.799702 5.395223 4.762273
1.82468 5.530845 4.939784
1.840728 5.617514 5.05372
1.755325 5.151855 4.446263
1.810899 5.456129 4.841871
1.86922 5.770578 5.255849
1.792938 5.358336 4.714163
1.789347 5.338725 4.688616
1.783777 5.308263 4.648974
1.757646 5.16467 4.462818
1.799702 5.395223 4.762273
1.810899 5.456129 4.841871
1.802337 5.409575 4.781011
1.75394 5.144205 4.436384
1.802337 5.409575 4.781011
1.809279 5.447327 4.830355
1.867966 5.763861 5.246955
1.785288 5.316529 4.659726
1.778787 5.280934 4.613454
1.759047 5.172397 4.472805
1.742617 5.08153 4.355583
1.849603 5.665301 5.116703
1.799702 5.395223 4.762273
1.757181 5.162101 4.459498
1.791395 5.349911 4.703185
1.853209 5.68469 5.14229
1.829766 5.558351 4.975902
1.805522 5.426906 4.80366
1.790882 5.34711 4.699535
1.840728 5.617514 5.05372
1.846622 5.649264 5.095554
1.799702 5.395223 4.762273
1.838394 5.604933 5.037158
1.836075 5.59242 5.020692
1.843664 5.633335 5.07456
1.810899 5.456129 4.841871
1.810899 5.456129 4.841871
1.805522 5.426906 4.80366
1.789348 5.338727 4.688618
1.805522 5.426906 4.80366
1.751644 5.131516 4.420006
1.816901 5.488703 4.884522
1.855632 5.697705 5.159474
1.808202 5.441477 4.822704
1.757181 5.162101 4.459498
1.757181 5.162101 4.459498
1.826368 5.539977 4.951771
1.787312 5.3276 4.674132
1.809279 5.447327 4.830355
1.798653 5.389508 4.754814
1.879394 5.824994 5.327978
1.796044 5.375284 4.736259
1.778787 5.280934 4.613454
1.840728 5.617514 5.05372
1.794488 5.366794 4.725188
1.743508 5.086473 4.361948
1.834344 5.583078 5.008405
1.823548 5.524726 4.931775
1.757181 5.162101 4.459498
1.75394 5.144205 4.436384
1.822441 5.518725 4.923881
1.840728 5.617514 5.05372
1.810899 5.456129 4.841871
1.819661 5.503664 4.904131
1.778787 5.280934 4.613454
1.712088 4.911271 4.137306
1.783777 5.308263 4.648974
1.797086 5.380963 4.743665
1.757181 5.162101 4.459498
1.75394 5.144205 4.436384
1.809818 5.450257 4.834188
1.810899 5.456129 4.841871
1.805522 5.426906 4.80366
1.724026 4.978082 4.222742
1.843664 5.633335 5.07456
1.816901 5.488703 4.884522
1.802337 5.409575 4.781011
1.77338 5.251267 4.574942
1.74485 5.093912 4.371527
1.805522 5.426906 4.80366
1.859293 5.71736 5.185444
1.789348 5.338727 4.688618
1.833194 5.576872 5.000244
1.810899 5.456129 4.841871
1.867966 5.763861 5.246955
1.803397 5.415341 4.788544
1.759047 5.172397 4.472805
1.847812 5.655666 5.103995
1.755788 5.154413 4.449565
1.787312 5.3276 4.674132
1.805522 5.426906 4.80366
1.799702 5.395223 4.762273
1.774846 5.259317 4.585388
1.75394 5.144205 4.436384
1.834344 5.583078 5.008405
1.768535 5.224648 4.540431
1.808202 5.441477 4.822704
1.846622 5.649264 5.095554
1.785288 5.316529 4.659726
1.758113 5.167243 4.466143
1.808202 5.441477 4.822704
1.759047 5.172397 4.472805
1.759047 5.172397 4.472805
1.840728 5.617514 5.05372
1.810899 5.456129 4.841871
1.796044 5.375284 4.736259
1.774846 5.259317 4.585388
1.805522 5.426906 4.80366
1.912177 5.999543 5.56026
1.797086 5.380963 4.743665
1.809279 5.447327 4.830355
1.853209 5.68469 5.14229
1.783777 5.308263 4.648974
1.862987 5.737179 5.211648
1.810899 5.456129 4.841871
1.853209 5.68469 5.14229
1.930637 6.097338 5.690989
1.79037 5.344312 4.695891
1.832621 5.573775 4.996172
1.822441 5.518725 4.923881
1.810899 5.456129 4.841871
1.778787 5.280934 4.613454
1.799702 5.395223 4.762273
1.837233 5.598668 5.028913
1.75394 5.144205 4.436384
1.799702 5.395223 4.762273
1.805522 5.426906 4.80366
1.755788 5.154412 4.449565
1.799702 5.395223 4.762273
1.825242 5.533885 4.943774
1.789348 5.338727 4.688618
1.840728 5.617514 5.05372
1.763758 5.19836 4.506388
1.801281 5.403823 4.7735
1.75073 5.126462 4.413486
1.742172 5.079062 4.352407
1.806593 5.432731 4.811269
1.757181 5.162101 4.459498
1.810899 5.456129 4.841871
1.802337 5.409575 4.781011
1.726979 4.994559 4.243856
1.789348 5.338727 4.688618
1.759047 5.172397 4.472805
1.794488 5.366794 4.725188
1.776318 5.267395 4.595874
1.809279 5.447327 4.830355
1.810899 5.456129 4.841871
1.770949 5.237915 4.557627
1.799702 5.395223 4.762273
1.749364 5.118904 4.403738
1.781273 5.294555 4.631153
1.816901 5.488703 4.884522
1.795525 5.372451 4.732563
1.836075 5.59242 5.020692
1.848408 5.658873 5.108225
1.837233 5.598668 5.028913
1.759047 5.172397 4.472805
1.778787 5.280934 4.613454
1.806593 5.432731 4.811269
1.816901 5.488703 4.884522
1.802337 5.409575 4.781011
1.794488 5.366794 4.725188
1.808202 5.441477 4.822704
1.822441 5.518725 4.923881
