1.787312 5.3276 4.674132
1.791909 5.352716 4.706839
1.809818 5.450257 4.834188
1.783777 5.308263 4.648974
1.805522 5.426906 4.80366
1.79037 5.344312 4.695891
1.778787 5.280934 4.613454
1.802337 5.409575 4.781011
1.778787 5.280934 4.613454
1.840728 5.617514 5.05372
1.789347 5.338725 4.688616
1.862987 5.737179 5.211648
1.759047 5.172397 4.472805
1.789347 5.338725 4.688616
1.799702 5.395223 4.762273
1.776319 5.267398 4.595876
1.805522 5.426906 4.80366
1.779779 5.286367 4.620514
1.806593 5.432731 4.811269
1.781273 5.294555 4.631153
1.834344 5.583078 5.008405
1.775336 5.262007 4.588879
1.941647 6.155507 5.768939
1.818555 5.497668 4.896271
1.756252 5.156972 4.452872
1.778787 5.280934 4.613454
1.826368 5.539977 4.951771
1.794488 5.366794 4.725188
1.799702 5.395223 4.762273
1.866092 5.753821 5.233665
1.805522 5.426906 4.80366
1.710076 4.899984 4.1229
1.757646 5.16467 4.462818
1.843664 5.633335 5.07456
1.779779 5.286367 4.620514
1.75394 5.144205 4.436384
1.768535 5.224648 4.540431
1.745748 5.098886 4.377935
1.799702 5.395223 4.762273
1.789347 5.338725 4.688616
1.802337 5.409575 4.781011
1.810899 5.456129 4.841871
1.866092 5.753821 5.233665
1.836653 5.595542 5.024799
1.816901 5.488703 4.884522
1.805522 5.426906 4.80366
1.768535 5.224648 4.540431
1.733401 5.030337 4.289763
1.778787 5.280934 4.613454
1.838976 5.608072 5.041289
1.805522 5.426906 4.80366
1.846622 5.649264 5.095554
1.759047 5.172397 4.472805
1.735572 5.042408 4.305268
1.853209 5.68469 5.14229
1.840728 5.617514 5.05372
1.873006 5.790842 5.282692
1.846622 5.649264 5.095554
1.802867 5.412456 4.784775
1.799702 5.395223 4.762273
1.802337 5.409575 4.781011
1.778787 5.280934 4.613454
1.758113 5.167243 4.466143
1.927746 6.082046 5.67052
1.740399 5.069222 4.339744
1.825242 5.533885 4.943774
1.750274 5.12394 4.410232
1.789347 5.338725 4.688616
1.855025 5.694444 5.155169
1.819661 5.503664 4.904131
1.789347 5.338725 4.688616
1.757181 5.162101 4.459498
1.799702 5.395223 4.762273
1.810899 5.456129 4.841871
1.866092 5.753821 5.233665
1.783777 5.308263 4.648974
1.799702 5.395223 4.762273
1.79813 5.386656 4.751093
1.79813 5.386656 4.751093
1.841899 5.623829 5.062038
1.712088 4.911271 4.137306
1.805522 5.426906 4.80366
1.72571 4.98748 4.234784
1.75256 5.136582 4.426544
1.859293 5.71736 5.185444
1.893801 5.901848 5.430082
1.729532 5.008792 4.26211
1.825242 5.533885 4.943774
1.789347 5.338725 4.688616
1.79037 5.344312 4.695891
1.802337 5.409575 4.781011
1.841899 5.623829 5.062038
1.794488 5.366794 4.725188
1.778787 5.280934 4.613454
1.810899 5.456129 4.841871
1.708078 4.888763 4.108587
1.946879 6.183107 5.805975
1.849603 5.665301 5.116703
1.805522 5.426906 4.80366
1.776319 5.267398 4.595876
1.805522 5.426906 4.80366
1.797086 5.380963 4.743665
1.783777 5.308263 4.648974
1.794488 5.366794 4.725188
1.799702 5.395223 4.762273
1.74485 5.093912 4.371527
1.756252 5.156972 4.452872
1.775336 5.262007 4.588879
1.870479 5.777314 5.26477
1.714113 4.922626 4.151806
1.801281 5.403823 4.7735
1.712896 4.915805 4.143095
1.805522 5.426906 4.80366
1.799702 5.395223 4.762273
1.757646 5.16467 4.462818
1.873006 5.790842 5.282692
1.825242 5.533885 4.943774
1.805522 5.426906 4.80366
1.703338 4.862103 4.074614
1.768535 5.224648 4.540431
1.783777 5.308263 4.648974
1.768535 5.224648 4.540431
1.770949 5.237915 4.557627
1.741728 5.076598 4.349235
1.789347 5.338725 4.688616
1.782773 5.302769 4.641831
1.866092 5.753821 5.233665
1.803928 5.41823 4.792318
1.799702 5.395223 4.762273
1.749364 5.118904 4.403738
1.805522 5.426906 4.80366
1.840728 5.617514 5.05372
1.805522 5.426906 4.80366
1.799702 5.395223 4.762273
1.794488 5.366794 4.725188
1.808202 5.441477 4.822704
1.818003 5.494676 4.892349
1.781273 5.294555 4.631153
1.809818 5.450257 4.834188
1.734268 5.035157 4.295952
1.794488 5.366794 4.725188
1.766138 5.211464 4.523353
1.757646 5.16467 4.462818
1.805522 5.426906 4.80366
1.805522 5.426906 4.80366
1.822441 5.518725 4.923881
1.809279 5.447327 4.830355
1.747551 5.108871 4.390802
1.867966 5.763861 5.246955
1.810899 5.456129 4.841871
1.794488 5.366794 4.725188
1.792938 5.358336 4.714163
1.806593 5.432731 4.811269
1.803397 5.415341 4.788544
1.861752 5.730555 5.202887
1.836653 5.595542 5.024799
1.807665 5.438558 4.818887
1.768535 5.224648 4.540431
1.940163 6.147674 5.758436
1.82863 5.55221 4.967835
1.810899 5.456129 4.841871
1.799702 5.395223 4.762273
1.868593 5.767217 5.251399
1.808202 5.441477 4.822704
1.759047 5.172397 4.472805
1.783777 5.308263 4.648974
1.805522 5.426906 4.80366
1.74485 5.093912 4.371528
1.796563 5.378116 4.739955
1.755325 5.151855 4.446263
1.853209 5.68469 5.14229
1.749364 5.118904 4.403738
1.794488 5.366794 4.725188
1.799702 5.395223 4.762273
1.846622 5.649264 5.095554
1.768535 5.224648 4.540431
1.768535 5.224648 4.540431
1.74485 5.093912 4.371527
1.822441 5.518725 4.923881
1.728253 5.001663 4.252965
1.791394 5.349908 4.703182
1.805522 5.426906 4.80366
1.759047 5.172397 4.472805
1.816901 5.488703 4.884522
1.816901 5.488703 4.884522
1.819661 5.503664 4.904131
1.804459 5.421123 4.796098
1.74485 5.093912 4.371528
1.75394 5.144205 4.436384
1.757181 5.162101 4.459498
1.849603 5.665301 5.116703
1.797086 5.380963 4.743665
1.873006 5.790842 5.282692
1.888505 5.873623 5.392552
1.77338 5.251267 4.574942
1.806593 5.432731 4.811269
1.810899 5.456129 4.841871
1.840728 5.617514 5.05372
1.787312 5.3276 4.674132
1.866092 5.753821 5.233665
1.790882 5.34711 4.699535
1.770949 5.237915 4.557627
1.810899 5.456129 4.841871
1.789348 5.338727 4.688618
1.757646 5.16467 4.462818
1.782772 5.302762 4.641824
1.86052 5.723948 5.194152
1.810899 5.456129 4.841871
1.753019 5.13912 4.429819
1.844845 5.639694 5.082939
1.755788 5.154412 4.449565
1.799702 5.395223 4.762273
1.75394 5.144205 4.436384
1.82863 5.55221 4.967835
1.785793 5.319292 4.66332
1.789348 5.338727 4.688618
1.77978 5.286372 4.620519
1.873006 5.790842 5.282692
1.848408 5.658873 5.108225
1.79037 5.344312 4.695891
1.789348 5.338727 4.688618
1.801281 5.403823 4.7735
1.805522 5.426906 4.80366
1.805522 5.426906 4.80366
1.805522 5.426906 4.80366
1.873006 5.790842 5.282692
1.800754 5.400952 4.769752
1.75073 5.126462 4.413486
1.794488 5.366794 4.725188
1.805522 5.426906 4.80366
1.792937 5.358333 4.71416
1.783777 5.308263 4.648974
1.794488 5.366794 4.725188
1.891807 5.891226 5.415954
1.783777 5.308263 4.648974
1.796044 5.375284 4.736259
1.810899 5.456129 4.841871
1.834344 5.583078 5.008405
1.794488 5.366794 4.725188
1.763758 5.198361 4.506388
1.807129 5.435643 4.815076
1.738635 5.05943 4.327149
1.806593 5.432731 4.811269
1.822441 5.518725 4.923881
1.74485 5.093912 4.371527
1.797086 5.380963 4.743665
1.77338 5.251267 4.574942
1.859293 5.71736 5.185444
1.740399 5.069222 4.339744
1.840728 5.617514 5.05372
1.834344 5.583078 5.008405
1.863606 5.740498 5.216038
1.763758 5.19836 4.506388
1.749364 5.118904 4.403738
1.853209 5.68469 5.14229
1.810899 5.456129 4.841871
1.790882 5.34711 4.699535
1.810899 5.456129 4.841871
1.783777 5.308263 4.648974
1.740399 5.069222 4.339744
1.796044 5.375284 4.736259
1.802337 5.409575 4.781011
1.802337 5.409575 4.781011
1.830335 5.561427 4.979945
1.738196 5.056989 4.324011
1.838976 5.608072 5.041289
1.75394 5.144205 4.436384
1.822441 5.518725 4.923881
1.780276 5.289091 4.624054
1.802337 5.409575 4.781011
1.836653 5.595542 5.024799
1.764708 5.203592 4.51316
1.888505 5.873623 5.392552
1.816901 5.488703 4.884522
1.806593 5.432731 4.811269
1.75394 5.144205 4.436384
1.829766 5.558351 4.975902
1.797086 5.380963 4.743665
1.82863 5.55221 4.967835
1.79037 5.344312 4.695891
1.82863 5.55221 4.967835
1.759047 5.172397 4.472805
1.846622 5.649264 5.095554
1.763758 5.198361 4.506388
1.830335 5.561427 4.979945
1.805522 5.426906 4.80366
1.726979 4.994559 4.243856
1.759047 5.172397 4.472805
1.840728 5.617514 5.05372
1.731246 5.018339 4.274359
1.759047 5.172397 4.472805
1.805522 5.426906 4.80366
1.75394 5.144205 4.436384
1.810899 5.456129 4.841871
1.789347 5.338725 4.688616
1.807129 5.435643 4.815076
1.75394 5.144205 4.436384
1.74485 5.093912 4.371527
1.834344 5.583078 5.008405
1.759047 5.172397 4.472805
1.768535 5.224648 4.540431
1.822441 5.518725 4.923881
1.768535 5.224648 4.540431
1.853209 5.68469 5.14229
1.74485 5.093912 4.371527
1.799702 5.395223 4.762273
1.816901 5.488703 4.884522
1.796044 5.375284 4.736259
1.710076 4.899984 4.1229
1.822441 5.518725 4.923881
1.749364 5.118904 4.403738
1.866092 5.753821 5.233665
1.799702 5.395223 4.762273
1.787817 5.330365 4.677736
1.895136 5.908955 5.439538
1.754863 5.149302 4.442966
1.789347 5.338725 4.688616
1.810899 5.456129 4.841871
1.789347 5.338725 4.688616
1.807665 5.438558 4.818887
1.789347 5.338725 4.688616
1.763758 5.198361 4.506388
1.834344 5.583078 5.008405
1.749364 5.118904 4.403738
1.75394 5.144205 4.436384
1.77338 5.251267 4.574942
1.797086 5.380963 4.743665
1.791909 5.352716 4.706839
1.756716 5.159535 4.456183
1.873006 5.790842 5.282692
1.794488 5.366794 4.725188
1.770949 5.237915 4.557627
1.808202 5.441477 4.822704
1.866092 5.753821 5.233665
1.800754 5.400952 4.769752
1.769981 5.232598 4.550734
1.759047 5.172397 4.472805
1.801281 5.403823 4.7735
1.710076 4.899984 4.1229
1.763758 5.19836 4.506388
1.900516 5.937587 5.477655
1.82863 5.55221 4.967835
1.846622 5.649264 5.095554
1.809279 5.447327 4.830355
1.74485 5.093912 4.371527
1.82863 5.55221 4.967835
1.86922 5.770578 5.255849
1.759047 5.172397 4.472805
1.799702 5.395223 4.762273
1.849603 5.665301 5.116703
1.742172 5.079062 4.352407
1.915667 6.018059 5.58498
1.834344 5.583078 5.008405
1.785793 5.319292 4.66332
1.842487 5.626994 5.066206
1.816901 5.488703 4.884522
1.759047 5.172397 4.472805
1.805522 5.426906 4.80366
1.765184 5.206213 4.516553
1.75394 5.144205 4.436384
1.710076 4.899984 4.1229
1.810899 5.456129 4.841871
1.857458 5.707512 5.17243
1.801809 5.406697 4.777253
1.757646 5.16467 4.462818
1.775827 5.264701 4.592375
1.834344 5.583078 5.008405
1.866092 5.753821 5.233665
1.805522 5.426906 4.80366
1.792938 5.358336 4.714163
1.710076 4.899984 4.1229
1.816901 5.488703 4.884522
1.831477 5.567593 4.988047
1.787312 5.3276 4.674132
1.805522 5.426906 4.80366
1.756252 5.156972 4.452872
1.801809 5.406697 4.777253
1.816901 5.488703 4.884522
1.837233 5.598668 5.028913
1.755788 5.154413 4.449565
1.769499 5.229946 4.547296
1.792937 5.358333 4.71416
1.75073 5.126462 4.413486
1.759047 5.172397 4.472805
1.755788 5.154412 4.449565
1.810899 5.456129 4.841871
1.801281 5.403823 4.7735
1.789348 5.338727 4.688618
1.797086 5.380963 4.743665
1.755788 5.154412 4.449565
1.789347 5.338725 4.688616
1.809279 5.447327 4.830355
1.840728 5.617514 5.05372
1.840728 5.617514 5.05372
1.861752 5.730555 5.202887
1.747551 5.108871 4.390802
1.77338 5.251267 4.574942
1.794488 5.366794 4.725188
1.807665 5.438558 4.818887
1.840728 5.617514 5.05372
1.799702 5.395223 4.762273
1.809818 5.450257 4.834188
1.799702 5.395223 4.762273
1.75394 5.144205 4.436384
1.789347 5.338725 4.688616
1.809279 5.447327 4.830355
1.794488 5.366794 4.725188
1.792937 5.358333 4.71416
1.803397 5.415341 4.788544
1.841899 5.62383 5.062038
1.836653 5.595542 5.024799
1.738635 5.05943 4.327149
1.794488 5.366794 4.725188
1.853209 5.68469 5.14229
1.778787 5.280934 4.613454
1.789858 5.341515 4.69225
1.805522 5.426906 4.80366
1.822441 5.518725 4.923881
1.808202 5.441477 4.822704
1.848408 5.658873 5.108225
1.786805 5.324827 4.670523
1.77338 5.251267 4.574942
1.768535 5.224648 4.540431
1.792938 5.358336 4.714163
1.779779 5.286367 4.620514
1.791909 5.352716 4.706839
1.764708 5.203592 4.51316
1.808202 5.441477 4.822704
1.790882 5.34711 4.699535
1.783777 5.308263 4.648974
1.873006 5.790842 5.282692
1.780276 5.289091 4.624054
1.840728 5.617514 5.05372
1.799702 5.395223 4.762273
1.861752 5.730555 5.202887
1.778787 5.280934 4.613454
1.866092 5.753821 5.233665
1.751644 5.131516 4.420006
1.74485 5.093912 4.371528
1.794488 5.366794 4.725188
1.797086 5.380963 4.743665
1.79813 5.386656 4.751093
1.775827 5.264701 4.592375
1.847812 5.655666 5.103995
1.802337 5.409575 4.781011
1.778787 5.280934 4.613454
1.74485 5.093912 4.371527
1.803397 5.415341 4.788544
1.806593 5.432731 4.811269
1.791908 5.352713 4.706836
1.785288 5.316529 4.659726
1.867966 5.763861 5.246955
1.768535 5.224648 4.540431
1.767095 5.216728 4.53017
1.837233 5.598668 5.028913
1.802337 5.409575 4.781011
1.810899 5.456129 4.841871
1.797086 5.380963 4.743665
1.849005 5.662085 5.112461
1.736881 5.049685 4.314621
1.873006 5.790842 5.282692
1.802337 5.409575 4.781011
1.808202 5.441477 4.822704
1.830335 5.561427 4.979945
1.77338 5.251267 4.574942
1.805522 5.426906 4.80366
1.75394 5.144205 4.436384
1.846622 5.649264 5.095554
1.804457 5.421111 4.796087
1.805522 5.426906 4.80366
1.808202 5.441477 4.822704
1.846622 5.649264 5.095554
1.745748 5.098886 4.377935
1.775827 5.264701 4.592375
1.796044 5.375284 4.736259
1.775336 5.262007 4.588879
1.846622 5.649264 5.095554
1.794488 5.366794 4.725188
1.714113 4.922626 4.151806
1.840728 5.617514 5.05372
1.77338 5.251267 4.574942
1.799702 5.395223 4.762273
1.77338 5.251267 4.574942
1.834344 5.583078 5.008405
1.75394 5.144205 4.436384
1.802337 5.409575 4.781011
1.785793 5.319292 4.66332
1.774846 5.259317 4.585388
1.756252 5.156972 4.452872
1.805522 5.426906 4.80366
1.819661 5.503664 4.904131
1.810899 5.456129 4.841871
1.853209 5.68469 5.14229
1.756252 5.156972 4.452872
1.809279 5.447327 4.830355
1.77338 5.251267 4.574942
1.759047 5.172397 4.472805
1.740399 5.069222 4.339744
1.840728 5.617514 5.05372
1.893801 5.901848 5.430082
1.794488 5.366794 4.725188
1.805522 5.426906 4.80366
1.798653 5.389508 4.754814
1.801809 5.406697 4.777253
1.891145 5.887695 5.411259
1.756252 5.156972 4.452872
1.822441 5.518725 4.923881
1.841899 5.623829 5.062038
1.807129 5.435643 4.815076
1.846622 5.649264 5.095554
1.849005 5.662085 5.112461
1.799702 5.395223 4.762273
1.799702 5.395223 4.762273
1.742617 5.08153 4.355583
1.757181 5.162101 4.459498
1.805522 5.426906 4.80366
1.791909 5.352716 4.706839
1.805522 5.426906 4.80366
1.836653 5.595542 5.024799
1.791395 5.349911 4.703185
1.789347 5.338725 4.688616
1.808202 5.441477 4.822704
1.849603 5.665301 5.116703
1.859293 5.71736 5.185444
1.807129 5.435643 4.815076
1.77338 5.251267 4.574942
1.818555 5.497668 4.896271
1.77338 5.251267 4.574942
1.794488 5.366794 4.725188
1.737319 5.052117 4.317747
1.846622 5.649264 5.095554
1.805522 5.426906 4.80366
1.794488 5.366794 4.725188
1.77338 5.251267 4.574942
1.75073 5.126462 4.413486
1.735572 5.042408 4.305268
1.879394 5.824994 5.327978
1.809818 5.450257 4.834188
1.805522 5.426906 4.80366
1.809279 5.447327 4.830355
1.829766 5.558351 4.975902
1.816901 5.488703 4.884522
1.791909 5.352716 4.706839
1.759047 5.172397 4.472805
1.86734 5.76051 5.242519
1.816901 5.488703 4.884522
1.861136 5.727249 5.198517
1.799702 5.395223 4.762273
1.792938 5.358336 4.714163
1.829766 5.558351 4.975902
1.792938 5.358336 4.714163
1.74485 5.093912 4.371527
1.75394 5.144205 4.436384
1.840728 5.617514 5.05372
1.765184 5.206213 4.516553
1.755788 5.154413 4.449565
1.82863 5.55221 4.967835
1.757646 5.16467 4.462818
1.805522 5.426906 4.80366
1.77338 5.251267 4.574942
1.755325 5.151856 4.446264
1.810899 5.456129 4.841871
1.810899 5.456129 4.841871
1.805522 5.426906 4.80366
1.783777 5.308263 4.648974
1.757646 5.16467 4.462818
1.757646 5.16467 4.462818
1.849603 5.665301 5.116703
1.790882 5.34711 4.699535
1.714113 4.922626 4.151806
1.834344 5.583078 5.008405
1.808202 5.441477 4.822704
1.74485 5.093912 4.371528
1.799702 5.395223 4.762273
1.853209 5.68469 5.14229
1.783777 5.308263 4.648974
1.810899 5.456129 4.841871
1.859293 5.71736 5.185444
1.900516 5.937587 5.477655
1.82863 5.55221 4.967835
1.808202 5.441477 4.822704
1.767095 5.216728 4.53017
1.810899 5.456129 4.841871
1.822441 5.518725 4.923881
1.805522 5.426906 4.80366
1.810899 5.456129 4.841871
1.759047 5.172397 4.472805
1.768535 5.224648 4.540431
1.770949 5.237915 4.557627
1.859293 5.71736 5.185444
1.808202 5.441477 4.822704
1.810899 5.456129 4.841871
1.809279 5.447327 4.830355
1.74485 5.093912 4.371527
1.836653 5.595542 5.024799
1.75394 5.144205 4.436384
1.789347 5.338725 4.688616
1.873006 5.790842 5.282692
1.805522 5.426906 4.80366
1.846622 5.649264 5.095554
1.757646 5.16467 4.462818
1.785288 5.316529 4.659726
1.759047 5.172397 4.472805
1.787312 5.3276 4.674132
1.824119 5.527809 4.9358
1.780276 5.289091 4.624054
1.859293 5.71736 5.185444
1.791908 5.352713 4.706836
1.797086 5.380963 4.743665
1.834344 5.583078 5.008405
1.809818 5.450257 4.834188
1.862987 5.737179 5.211648
1.809818 5.450257 4.834188
1.843664 5.633335 5.07456
1.799702 5.395223 4.762273
1.790882 5.34711 4.699535
1.82863 5.55221 4.967835
1.802337 5.409575 4.781011
1.873006 5.790842 5.282692
1.768535 5.224648 4.540431
1.873006 5.790842 5.282692
1.846622 5.649264 5.095554
1.766138 5.211464 4.523353
1.728253 5.001663 4.252965
1.809279 5.447327 4.830355
1.759047 5.172397 4.472805
1.832621 5.573775 4.996172
1.75394 5.144205 4.436384
1.805522 5.426906 4.80366
1.810899 5.456129 4.841871
1.759047 5.172397 4.472805
1.808202 5.441477 4.822704
1.805522 5.426906 4.80366
1.867966 5.763861 5.246955
1.808202 5.441477 4.822704
1.759047 5.172397 4.472805
1.75394 5.144205 4.436384
1.785793 5.319292 4.66332
1.799702 5.395223 4.762273
1.710076 4.899984 4.1229
1.759047 5.172397 4.472805
1.757181 5.162101 4.459498
1.805522 5.426906 4.80366
1.873006 5.790842 5.282692
1.837233 5.598668 5.028913
1.810899 5.456129 4.841871
1.829766 5.558351 4.975902
1.809818 5.450257 4.834188
1.810899 5.456129 4.841871
1.820771 5.509677 4.912014
1.712088 4.911271 4.137306
1.758113 5.167243 4.466143
1.778787 5.280934 4.613454
1.834344 5.583078 5.008405
1.735572 5.042408 4.305268
1.72571 4.98748 4.234784
1.792938 5.358336 4.714163
1.873006 5.790842 5.282692
1.946879 6.183107 5.805975
1.808202 5.441477 4.822704
1.759047 5.172397 4.472805
1.779779 5.286367 4.620514
1.810899 5.456129 4.841871
1.859293 5.71736 5.185444
1.816901 5.488703 4.884522
1.801809 5.406697 4.777253
1.822441 5.518725 4.923881
1.801809 5.406697 4.777253
1.740399 5.069222 4.339744
1.791395 5.349911 4.703185
1.764708 5.203592 4.51316
1.759047 5.172397 4.472805
1.802337 5.409575 4.781011
1.805522 5.426906 4.80366
1.757181 5.162101 4.459498
1.797086 5.380963 4.743665
1.755788 5.154413 4.449565
1.741728 5.076598 4.349235
1.714113 4.922626 4.151806
1.803397 5.415341 4.788544
1.866092 5.753821 5.233665
1.779779 5.286367 4.620514
1.859293 5.71736 5.185444
1.747099 5.10637 4.387579
1.747551 5.108871 4.390802
1.806593 5.432731 4.811269
1.789347 5.338725 4.688616
1.799702 5.395223 4.762273
1.803928 5.41823 4.792318
1.801809 5.406697 4.777253
1.791909 5.352716 4.706839
1.816901 5.488703 4.884522
1.789347 5.338725 4.688616
1.810899 5.456129 4.841871
1.836653 5.595542 5.024799
1.859293 5.71736 5.185444
1.801809 5.406697 4.777253
1.781273 5.294555 4.631153
1.79037 5.344312 4.695891
1.822441 5.518725 4.923881
1.782773 5.302769 4.641831
1.747551 5.108871 4.390802
1.849603 5.665301 5.116703
1.808202 5.441477 4.822704
1.778787 5.280934 4.613454
1.789347 5.338725 4.688616
1.74485 5.093912 4.371528
1.776318 5.267395 4.595874
1.841899 5.62383 5.062038
1.755788 5.154412 4.449565
1.801281 5.403823 4.7735
1.829766 5.558351 4.975902
1.759047 5.172397 4.472805
1.841899 5.62383 5.062038
1.757181 5.162101 4.459498
1.799702 5.395223 4.762273
1.789347 5.338725 4.688616
1.862987 5.737179 5.211648
1.759047 5.172397 4.472805
1.801809 5.406697 4.777253
1.783777 5.308263 4.648974
1.789347 5.338725 4.688616
1.816901 5.488703 4.884522
1.910788 5.992174 5.550426
1.789347 5.338725 4.688616
1.78782 5.330376 4.677746
1.810899 5.456129 4.841871
1.749364 5.118904 4.403738
1.805522 5.426906 4.80366
1.79037 5.344312 4.695891
1.768535 5.224648 4.540431
1.883925 5.849188 5.360091
1.808202 5.441477 4.822704
1.748003 5.111375 4.39403
1.775336 5.262007 4.588879
1.858069 5.71079 5.176762
1.841899 5.623829 5.062038
1.82863 5.55221 4.967835
1.759047 5.172397 4.472805
1.783777 5.308263 4.648974
1.810899 5.456129 4.841871
1.810899 5.456129 4.841871
1.79813 5.386656 4.751093
1.805522 5.426906 4.80366
1.726979 4.994559 4.243856
1.759047 5.172397 4.472805
1.816901 5.488703 4.884522
1.781273 5.294555 4.631153
1.946879 6.183107 5.805975
1.75394 5.144205 4.436384
1.805522 5.426906 4.80366
1.805522 5.426906 4.80366
1.806593 5.432731 4.811269
1.868593 5.767217 5.251399
1.810899 5.456129 4.841871
1.740399 5.069222 4.339744
1.809279 5.447327 4.830355
1.756252 5.156972 4.452872
1.790882 5.34711 4.699535
1.770949 5.237915 4.557627
1.86734 5.76051 5.242519
1.768535 5.224648 4.540431
1.778787 5.280934 4.613454
1.808202 5.441477 4.822704
1.770465 5.235256 4.554179
1.781273 5.294555 4.631153
1.841899 5.62383 5.062038
1.791909 5.352716 4.706839
1.805522 5.426906 4.80366
1.710076 4.899984 4.1229
1.776319 5.267398 4.595876
1.775336 5.262007 4.588879
1.809818 5.450257 4.834188
1.810899 5.456129 4.841871
1.841899 5.623829 5.062038
1.729105 5.006413 4.259058
1.789347 5.338725 4.688616
1.759047 5.172397 4.472805
1.778787 5.280934 4.613454
1.799702 5.395223 4.762273
1.759047 5.172397 4.472805
1.866092 5.753821 5.233665
1.784782 5.313762 4.65613
1.749364 5.118904 4.403738
1.75394 5.144205 4.436384
1.791909 5.352716 4.706839
1.82468 5.530845 4.939784
1.749364 5.118904 4.403738
1.808202 5.441477 4.822704
1.803928 5.41823 4.792318
1.783777 5.308263 4.648974
1.759047 5.172397 4.472805
1.829766 5.558351 4.975902
1.753019 5.13912 4.429819
1.809818 5.450257 4.834188
1.759047 5.172397 4.472805
1.840728 5.617514 5.05372
1.824119 5.527809 4.9358
1.82863 5.55221 4.967835
1.796565 5.378122 4.73996
1.816901 5.488703 4.884522
1.783777 5.308263 4.648974
1.848408 5.658873 5.108225
1.810899 5.456129 4.841871
1.820215 5.506669 4.90807
1.810899 5.456129 4.841871
1.810899 5.456129 4.841871
1.799702 5.395223 4.762273
1.862987 5.737179 5.211648
1.778787 5.280934 4.613454
1.847812 5.655666 5.103995
1.799702 5.395223 4.762273
1.895136 5.908955 5.439538
1.786805 5.324827 4.670523
1.802337 5.409575 4.781011
1.799702 5.395223 4.762273
1.861752 5.730555 5.202887
1.787312 5.3276 4.674132
1.799702 5.395223 4.762273
1.713301 4.918076 4.145995
1.805522 5.426906 4.80366
1.933546 6.112721 5.71159
1.754863 5.149302 4.442966
1.861136 5.727249 5.198517
1.806593 5.432731 4.811269
1.840728 5.617514 5.05372
1.780276 5.289091 4.624054
1.778787 5.280934 4.613454
1.778787 5.280934 4.613454
1.853209 5.68469 5.14229
1.799702 5.395223 4.762273
1.738635 5.05943 4.327149
1.800754 5.400952 4.769752
1.866092 5.753821 5.233665
1.799702 5.395223 4.762273
1.756252 5.156972 4.452872
1.711684 4.909008 4.134417
1.799702 5.395223 4.762273
1.783777 5.308263 4.648974
1.801281 5.403823 4.7735
1.801809 5.406697 4.777253
1.853209 5.68469 5.14229
1.77338 5.251267 4.574942
1.747551 5.108871 4.390802
1.738635 5.05943 4.327149
1.834344 5.583078 5.008405
1.735572 5.042408 4.305268
1.915667 6.018059 5.58498
1.824119 5.527809 4.9358
1.759047 5.172397 4.472805
1.751644 5.131516 4.420006
1.749364 5.118904 4.403738
1.861752 5.730555 5.202887
1.809279 5.447327 4.830355
1.789347 5.338725 4.688616
1.843664 5.633335 5.07456
1.834344 5.583078 5.008405
1.77338 5.251267 4.574942
1.738635 5.05943 4.327149
1.864226 5.743822 5.220435
1.807129 5.435643 4.815076
1.820771 5.509677 4.912014
1.712896 4.915805 4.143095
1.75394 5.144205 4.436384
1.834344 5.583078 5.008405
1.784782 5.313762 4.65613
1.640649 4.50414 3.62319
1.757181 5.162101 4.459498
1.809279 5.447327 4.830355
1.75073 5.126462 4.413486
1.843664 5.633335 5.07456
1.802337 5.409575 4.781011
1.756716 5.159535 4.456183
1.810899 5.456129 4.841871
1.807129 5.435643 4.815076
1.840728 5.617514 5.05372
1.822441 5.518725 4.923881
1.805522 5.426906 4.80366
1.802337 5.409575 4.781011
1.674314 4.697704 3.866171
1.807129 5.435643 4.815076
1.751644 5.131516 4.420006
1.836653 5.595542 5.024799
1.867966 5.763861 5.246955
1.805522 5.426906 4.80366
1.758113 5.167243 4.466143
1.837233 5.598668 5.028913
1.810899 5.456129 4.841871
1.807129 5.435643 4.815076
1.834344 5.583078 5.008405
1.904595 5.95928 5.506558
1.768535 5.224648 4.540431
1.859293 5.71736 5.185444
1.673961 4.695692 3.863632
1.822441 5.518725 4.923881
1.853209 5.68469 5.14229
1.787817 5.330365 4.677736
1.808202 5.441477 4.822704
1.794488 5.366794 4.725188
1.751644 5.131516 4.420006
1.712088 4.911271 4.137306
1.77338 5.251267 4.574942
1.805522 5.426906 4.80366
1.781273 5.294555 4.631153
1.712492 4.913537 4.140198
