1.799702 5.395223 4.762273
1.810899 5.456129 4.841871
1.816901 5.488703 4.884522
1.846622 5.649264 5.095554
1.825242 5.533885 4.943774
1.74485 5.093912 4.371527
1.808202 5.441477 4.822704
1.873006 5.790842 5.282692
1.778787 5.280934 4.613454
1.809279 5.447327 4.830355
1.82863 5.55221 4.967835
1.810899 5.456129 4.841871
1.765184 5.206213 4.516553
1.82468 5.530845 4.939784
1.794488 5.366794 4.725188
1.794488 5.366794 4.725188
1.756252 5.156972 4.452872
1.930637 6.097338 5.690989
1.797086 5.380963 4.743665
1.749364 5.118904 4.403738
1.778787 5.280934 4.613454
1.797086 5.380963 4.743665
1.810899 5.456129 4.841871
1.808202 5.441477 4.822704
1.79037 5.344312 4.695891
1.838394 5.604933 5.037158
1.915667 6.018059 5.58498
1.756252 5.156972 4.452872
1.809279 5.447327 4.830355
1.795524 5.372446 4.732559
1.810899 5.456129 4.841871
1.900516 5.937587 5.477655
1.794488 5.366794 4.725188
1.86734 5.76051 5.242519
1.834344 5.583078 5.008405
1.752102 5.134047 4.423273
1.759047 5.172397 4.472805
1.789347 5.338725 4.688616
1.756252 5.156972 4.452872
1.757181 5.162101 4.459498
1.810899 5.456129 4.841871
1.809279 5.447327 4.830355
1.775336 5.262007 4.588879
1.796044 5.375284 4.736259
1.806593 5.432731 4.811269
1.786805 5.324827 4.670523
1.866092 5.753821 5.233665
1.836653 5.595542 5.024799
1.799702 5.395223 4.762273
1.757181 5.162101 4.459498
1.789347 5.338725 4.688616
1.803397 5.415341 4.788544
1.740399 5.069222 4.339744
1.778787 5.280934 4.613454
1.794488 5.366794 4.725188
1.843664 5.633335 5.07456
1.805522 5.426906 4.80366
1.759047 5.172397 4.472805
1.809818 5.450257 4.834188
1.853209 5.68469 5.14229
1.770465 5.235256 4.554179
1.794488 5.366794 4.725188
1.810899 5.456129 4.841871
1.805522 5.426906 4.80366
1.778787 5.280934 4.613454
1.783777 5.308263 4.648974
1.843664 5.633335 5.07456
1.873006 5.790842 5.282692
1.775336 5.262007 4.588879
1.759047 5.172397 4.472805
1.866092 5.753821 5.233665
1.735572 5.042408 4.305268
1.785793 5.319292 4.66332
1.75256 5.136582 4.426544
1.819661 5.503664 4.904131
1.79037 5.344312 4.695891
1.893801 5.901848 5.430082
1.79037 5.344312 4.695891
1.799702 5.395223 4.762273
1.810899 5.456129 4.841871
1.810899 5.456129 4.841871
1.873006 5.790842 5.282692
1.77338 5.251267 4.574942
1.810899 5.456129 4.841871
1.770949 5.237915 4.557627
1.801809 5.406697 4.777253
1.77338 5.251267 4.574942
1.799702 5.395223 4.762273
1.794488 5.366794 4.725188
1.840728 5.617514 5.05372
1.766138 5.211464 4.523353
1.799702 5.395223 4.762273
1.792938 5.358336 4.714163
1.810899 5.456129 4.841871
1.767095 5.216728 4.53017
1.846622 5.649264 5.095554
1.799702 5.395223 4.762273
1.837233 5.598668 5.028913
1.789347 5.338725 4.688616
1.783777 5.308263 4.648974
1.77338 5.251267 4.574942
1.79037 5.344312 4.695891
1.749364 5.118904 4.403738
1.759047 5.172397 4.472805
1.859293 5.71736 5.185444
1.756252 5.156972 4.452872
1.810899 5.456129 4.841871
1.849603 5.665301 5.116703
1.810899 5.456129 4.841871
1.778787 5.280934 4.613454
1.801281 5.403823 4.7735
1.930637 6.097338 5.690989
1.783777 5.308263 4.648974
1.766138 5.211464 4.523353
1.791909 5.352716 4.706839
1.816901 5.488703 4.884522
1.810899 5.456129 4.841871
1.908025 5.977501 5.530852
1.810899 5.456129 4.841871
1.785793 5.319292 4.66332
1.789347 5.338725 4.688616
1.747099 5.10637 4.387579
1.799702 5.395223 4.762273
1.810899 5.456129 4.841871
1.759047 5.172397 4.472805
1.74485 5.093912 4.371527
1.776811 5.270098 4.599382
1.867966 5.763861 5.246955
1.867966 5.763861 5.246955
1.783777 5.308263 4.648974
1.745748 5.098886 4.377935
1.805522 5.426906 4.80366
1.825242 5.533885 4.943774
1.768535 5.224648 4.540431
1.783777 5.308263 4.648974
1.855025 5.694444 5.155169
1.82863 5.55221 4.967835
1.785288 5.316529 4.659726
1.797608 5.383808 4.747377
1.805522 5.426906 4.80366
1.791909 5.352716 4.706839
1.797608 5.383808 4.747377
1.759047 5.172397 4.472805
1.834344 5.583078 5.008405
1.832621 5.573775 4.996172
1.816901 5.488703 4.884522
1.816901 5.488703 4.884522
1.759047 5.172397 4.472805
1.778787 5.280934 4.613454
1.759047 5.172397 4.472805
1.805522 5.426906 4.80366
1.810899 5.456129 4.841871
1.778787 5.280934 4.613454
1.806059 5.429824 4.807468
1.853209 5.68469 5.14229
1.805522 5.426906 4.80366
1.86734 5.76051 5.242519
1.789347 5.338725 4.688616
1.740399 5.069222 4.339744
1.805522 5.426906 4.80366
1.822441 5.518725 4.923881
1.816901 5.488703 4.884522
1.722352 4.968728 4.210764
1.777304 5.272799 4.60289
1.778787 5.280934 4.613454
1.834344 5.583078 5.008405
1.75394 5.144205 4.436384
1.755788 5.154413 4.449565
1.803397 5.415341 4.788544
1.806059 5.429824 4.807468
1.79813 5.386656 4.751093
1.759047 5.172397 4.472805
1.825805 5.536929 4.94777
1.799702 5.395223 4.762273
1.810899 5.456129 4.841871
1.766138 5.211464 4.523353
1.809279 5.447327 4.830355
1.759047 5.172397 4.472805
1.829198 5.555278 4.971866
1.805522 5.426906 4.80366
1.748003 5.111375 4.39403
1.808202 5.441477 4.822704
1.859293 5.71736 5.185444
1.794488 5.366794 4.725188
1.866092 5.753821 5.233665
1.783777 5.308263 4.648974
1.810899 5.456129 4.841871
1.787312 5.3276 4.674132
1.808202 5.441477 4.822704
1.853209 5.68469 5.14229
1.859293 5.71736 5.185444
1.795524 5.372446 4.732559
1.873006 5.790842 5.282692
1.79037 5.344312 4.695891
1.775336 5.262007 4.588879
1.840728 5.617514 5.05372
1.726979 4.994559 4.243856
1.785288 5.316529 4.659726
1.801809 5.406697 4.777253
1.802337 5.409575 4.781011
1.866092 5.753821 5.233665
1.848408 5.658873 5.108225
1.831477 5.567593 4.988047
1.789347 5.338725 4.688616
1.82468 5.530845 4.939784
1.742617 5.08153 4.355583
1.794488 5.366794 4.725188
1.789347 5.338725 4.688616
1.735572 5.042408 4.305268
1.789347 5.338725 4.688616
1.747099 5.10637 4.387579
1.77338 5.251267 4.574942
1.759047 5.172397 4.472805
1.799702 5.395223 4.762273
1.829766 5.558351 4.975902
1.726979 4.994559 4.243856
1.870479 5.777314 5.26477
1.796044 5.375284 4.736259
1.786805 5.324827 4.670523
1.810899 5.456129 4.841871
1.805522 5.426906 4.80366
1.854419 5.691188 5.150869
1.770949 5.237915 4.557627
1.775336 5.262007 4.588879
1.810899 5.456129 4.841871
1.733401 5.030337 4.289763
1.79037 5.344312 4.695891
1.783777 5.308263 4.648974
1.783777 5.308263 4.648974
1.768535 5.224648 4.540431
1.900516 5.937587 5.477655
1.846622 5.649264 5.095554
1.807129 5.435643 4.815076
1.846622 5.649264 5.095554
1.785793 5.319292 4.66332
1.759047 5.172397 4.472805
1.77338 5.251267 4.574942
1.923445 6.059278 5.640063
1.849005 5.662085 5.112461
1.804459 5.421123 4.796098
1.829766 5.558351 4.975902
1.841899 5.62383 5.062038
1.807129 5.435643 4.815076
1.807129 5.435643 4.815076
1.806593 5.432731 4.811269
1.808202 5.441477 4.822704
1.810899 5.456129 4.841871
1.783777 5.308263 4.648974
1.724026 4.978082 4.222742
1.80874 5.4444 4.826527
1.783777 5.308263 4.648974
1.802337 5.409575 4.781011
1.757646 5.16467 4.462818
1.778787 5.280934 4.613454
1.789348 5.338727 4.688618
1.870479 5.777314 5.26477
1.759047 5.172397 4.472805
1.77338 5.251267 4.574942
1.806593 5.432731 4.811269
1.822441 5.518725 4.923881
1.805522 5.426906 4.80366
1.794488 5.366794 4.725188
1.766138 5.211464 4.523353
1.82863 5.55221 4.967835
1.810899 5.456129 4.841871
1.789347 5.338725 4.688616
1.789347 5.338725 4.688616
1.794488 5.366794 4.725188
1.840728 5.617514 5.05372
1.791909 5.352716 4.706839
1.789348 5.338727 4.688618
1.794488 5.366794 4.725188
1.802337 5.409575 4.781011
1.778787 5.280934 4.613454
1.741728 5.076598 4.349235
1.783777 5.308263 4.648974
1.742617 5.081529 4.355583
1.852003 5.678209 5.133735
1.82863 5.55221 4.967835
1.789347 5.338725 4.688616
1.783777 5.308263 4.648974
1.849603 5.665301 5.116703
1.796044 5.375284 4.736259
1.759047 5.172397 4.472805
1.781273 5.294555 4.631153
1.900516 5.937587 5.477655
1.808202 5.441477 4.822704
1.810899 5.456129 4.841871
1.805522 5.426906 4.80366
1.785793 5.319292 4.66332
1.801809 5.406697 4.777253
1.774846 5.259317 4.585388
1.794488 5.366794 4.725188
1.798653 5.389508 4.754814
1.886536 5.863121 5.378598
1.720271 4.957099 4.19588
1.840728 5.617514 5.05372
1.861752 5.730555 5.202887
1.853209 5.68469 5.14229
1.794488 5.366794 4.725188
1.834344 5.583078 5.008405
1.861752 5.730555 5.202887
1.896474 5.916082 5.449023
1.82863 5.55221 4.967835
1.794488 5.366794 4.725188
1.797086 5.380963 4.743665
1.79813 5.386656 4.751093
1.776319 5.267398 4.595876
1.756252 5.156972 4.452872
1.82863 5.55221 4.967835
1.805522 5.426906 4.80366
1.783777 5.308263 4.648974
1.846622 5.649264 5.095554
1.791909 5.352716 4.706839
1.805522 5.426906 4.80366
1.747099 5.10637 4.387579
1.747551 5.108871 4.390802
1.805522 5.426906 4.80366
1.836653 5.595542 5.024799
1.810899 5.456129 4.841871
1.809818 5.450257 4.834188
1.799702 5.395223 4.762273
1.749364 5.118904 4.403738
1.840728 5.617514 5.05372
1.799702 5.395223 4.762273
1.841899 5.623829 5.062038
1.783777 5.308263 4.648974
1.751644 5.131516 4.420006
1.768535 5.224648 4.540431
1.893801 5.901848 5.430082
1.794488 5.366794 4.725188
1.861752 5.730555 5.202887
1.82863 5.55221 4.967835
1.754863 5.149302 4.442966
1.863606 5.740498 5.216038
1.801281 5.403823 4.7735
1.819661 5.503664 4.904131
1.797086 5.380963 4.743665
1.848408 5.658873 5.108225
1.783777 5.308263 4.648974
1.808202 5.441477 4.822704
1.803928 5.41823 4.792318
1.849005 5.662085 5.112461
1.759047 5.172397 4.472805
1.842487 5.626994 5.066206
1.754863 5.149302 4.442966
1.859293 5.71736 5.185444
1.749364 5.118904 4.403738
1.759047 5.172397 4.472805
1.759047 5.172397 4.472805
1.82863 5.55221 4.967835
1.747551 5.108871 4.390802
1.799702 5.395223 4.762273
1.778787 5.280934 4.613454
1.810899 5.456129 4.841871
1.800754 5.400952 4.769752
1.808202 5.441477 4.822704
1.810899 5.456129 4.841871
1.759047 5.172397 4.472805
1.847812 5.655666 5.103995
1.794488 5.366794 4.725188
1.75394 5.144205 4.436384
1.775336 5.262007 4.588879
1.810899 5.456129 4.841871
1.763758 5.198361 4.506388
1.791909 5.352716 4.706839
1.783777 5.308263 4.648974
1.840728 5.617514 5.05372
1.794488 5.366794 4.725188
1.796044 5.375284 4.736259
1.802337 5.409575 4.781011
1.834344 5.583078 5.008405
1.829766 5.558351 4.975902
1.722352 4.968728 4.210764
1.825242 5.533885 4.943774
1.714113 4.922626 4.151806
1.82863 5.55221 4.967835
1.751644 5.131516 4.420006
1.785793 5.319292 4.66332
1.810899 5.456129 4.841871
1.897145 5.919653 5.453776
1.77338 5.251267 4.574942
1.783777 5.308263 4.648974
1.735572 5.042408 4.305268
1.747099 5.10637 4.387579
1.768535 5.224648 4.540431
1.75256 5.136582 4.426544
1.822441 5.518725 4.923881
1.840728 5.617514 5.05372
1.776811 5.270098 4.599382
1.849005 5.662085 5.112461
1.769981 5.232598 4.550734
1.834344 5.583078 5.008405
1.751644 5.131516 4.420006
1.805522 5.426906 4.80366
1.787312 5.3276 4.674132
1.783777 5.308263 4.648974
1.799702 5.395223 4.762273
1.810899 5.456129 4.841871
1.778787 5.280934 4.613454
1.822441 5.518725 4.923881
1.866092 5.753821 5.233665
1.805522 5.426906 4.80366
1.799702 5.395223 4.762273
1.82863 5.55221 4.967835
1.848408 5.658873 5.108225
1.791909 5.352716 4.706839
1.834344 5.583078 5.008405
1.808202 5.441477 4.822704
1.79037 5.344312 4.695891
1.831477 5.567593 4.988047
1.763758 5.198361 4.506388
1.836653 5.595542 5.024799
1.796044 5.375284 4.736259
1.816901 5.488703 4.884522
1.873006 5.790842 5.282692
1.840728 5.617514 5.05372
1.752102 5.134047 4.423273
1.759047 5.172397 4.472805
1.838394 5.604933 5.037158
1.794488 5.366794 4.725188
1.778787 5.280934 4.613454
1.759047 5.172397 4.472805
1.789347 5.338725 4.688616
1.789347 5.338725 4.688616
1.763758 5.198361 4.506388
1.707283 4.884293 4.102888
1.807129 5.435643 4.815076
1.791909 5.352716 4.706839
1.796565 5.378122 4.73996
1.759047 5.172397 4.472805
1.768535 5.224648 4.540431
1.794488 5.366794 4.725188
1.794488 5.366794 4.725188
1.799702 5.395223 4.762273
1.783777 5.308263 4.648974
1.822441 5.518725 4.923881
1.799702 5.395223 4.762273
1.805522 5.426906 4.80366
1.840728 5.617514 5.05372
1.834344 5.583078 5.008405
1.789347 5.338725 4.688616
1.791909 5.352716 4.706839
1.750274 5.12394 4.410232
1.82863 5.55221 4.967835
1.805522 5.426906 4.80366
1.755325 5.151855 4.446263
1.75394 5.144205 4.436384
1.799702 5.395223 4.762273
1.770465 5.235256 4.554179
1.756252 5.156972 4.452872
1.786805 5.324827 4.670523
1.790882 5.34711 4.699535
1.810899 5.456129 4.841871
1.840728 5.617514 5.05372
1.805522 5.426906 4.80366
1.789347 5.338725 4.688616
1.785288 5.316529 4.659726
1.810899 5.456129 4.841871
1.789347 5.338725 4.688616
1.756252 5.156972 4.452872
1.751644 5.131516 4.420006
1.824119 5.527809 4.9358
1.862987 5.737179 5.211648
1.818555 5.497668 4.896271
1.859293 5.71736 5.185444
1.805522 5.426906 4.80366
1.789347 5.338725 4.688616
1.866092 5.753821 5.233665
1.859293 5.71736 5.185444
1.794488 5.366794 4.725188
1.805522 5.426906 4.80366
1.863606 5.740498 5.216038
1.866092 5.753821 5.233665
1.802337 5.409575 4.781011
1.806593 5.432731 4.811269
1.810899 5.456129 4.841871
1.808202 5.441477 4.822704
1.850801 5.671746 5.125207
1.799702 5.395223 4.762273
1.82863 5.55221 4.967835
1.799702 5.395223 4.762273
1.810899 5.456129 4.841871
1.77338 5.251267 4.574942
1.778787 5.280934 4.613454
1.805522 5.426906 4.80366
1.707283 4.884293 4.102888
1.768535 5.224648 4.540431
1.776811 5.270098 4.599382
1.770465 5.235256 4.554179
1.801809 5.406697 4.777253
1.810899 5.456129 4.841871
1.840728 5.617514 5.05372
1.796044 5.375284 4.736259
1.805522 5.426906 4.80366
1.778787 5.280934 4.613454
1.810899 5.456129 4.841871
1.873006 5.790842 5.282692
1.763758 5.198361 4.506388
1.77338 5.251267 4.574942
1.805522 5.426906 4.80366
1.776811 5.270098 4.599382
1.803397 5.415341 4.788544
1.810899 5.456129 4.841871
1.808202 5.441477 4.822704
1.735572 5.042408 4.305268
1.801281 5.403823 4.7735
1.808202 5.441477 4.822704
1.799702 5.395223 4.762273
1.840728 5.617514 5.05372
1.908025 5.977501 5.530852
1.794488 5.366794 4.725188
1.810899 5.456129 4.841871
1.756716 5.159535 4.456183
1.75394 5.144205 4.436384
1.843664 5.633335 5.07456
1.799702 5.395223 4.762273
1.786805 5.324827 4.670523
1.837233 5.598668 5.028913
1.818003 5.494676 4.892349
1.749364 5.118904 4.403738
1.805522 5.426906 4.80366
1.799702 5.395223 4.762273
1.746198 5.101378 4.381146
1.75394 5.144205 4.436384
1.794488 5.366794 4.725188
1.786805 5.324827 4.670523
1.75394 5.144205 4.436384
1.810899 5.456129 4.841871
1.810899 5.456129 4.841871
1.809818 5.450257 4.834188
1.801809 5.406697 4.777253
1.799702 5.395223 4.762273
1.778787 5.280934 4.613454
1.800754 5.400952 4.769752
1.756252 5.156972 4.452872
1.816901 5.488703 4.884522
1.822441 5.518725 4.923881
1.789347 5.338725 4.688616
1.756252 5.156972 4.452872
1.816901 5.488703 4.884522
1.805522 5.426906 4.80366
1.908025 5.977501 5.530852
1.806593 5.432731 4.811269
1.801809 5.406697 4.777253
1.791395 5.349911 4.703185
1.749364 5.118904 4.403738
1.801809 5.406697 4.777253
1.735572 5.042408 4.305268
1.808202 5.441477 4.822704
1.846622 5.649264 5.095554
1.797086 5.380963 4.743665
1.743508 5.086473 4.361948
1.783777 5.308263 4.648974
1.819661 5.503664 4.904131
1.757181 5.162101 4.459498
1.77338 5.251267 4.574942
1.810899 5.456129 4.841871
1.783777 5.308263 4.648974
1.786805 5.324827 4.670523
1.768535 5.224648 4.540431
1.756252 5.156972 4.452872
1.806593 5.432731 4.811269
1.752102 5.134047 4.423273
1.750274 5.12394 4.410232
1.82863 5.55221 4.967835
1.757646 5.16467 4.462818
1.786805 5.324827 4.670523
1.802337 5.409575 4.781011
1.846622 5.649264 5.095554
1.727828 4.999292 4.249925
1.822441 5.518725 4.923881
1.816901 5.488703 4.884522
1.822441 5.518725 4.923881
1.769981 5.232598 4.550734
1.805522 5.426906 4.80366
1.774846 5.259317 4.585388
1.806593 5.432731 4.811269
1.75394 5.144205 4.436384
1.770465 5.235256 4.554179
1.810899 5.456129 4.841871
1.873006 5.790842 5.282692
1.755788 5.154413 4.449565
1.803397 5.415341 4.788544
1.753019 5.13912 4.429819
1.844845 5.639694 5.082939
1.757181 5.162101 4.459498
1.859293 5.71736 5.185444
1.798653 5.389508 4.754814
1.808202 5.441477 4.822704
1.755788 5.154413 4.449565
1.854419 5.691188 5.150869
1.810899 5.456129 4.841871
1.731246 5.018339 4.274359
1.77338 5.251267 4.574942
1.759047 5.172397 4.472805
1.801281 5.403823 4.7735
1.86734 5.76051 5.242519
1.759047 5.172397 4.472805
1.803928 5.41823 4.792318
1.816901 5.488703 4.884522
1.775336 5.262007 4.588879
1.893801 5.901848 5.430082
1.803397 5.415341 4.788544
1.789347 5.338725 4.688616
1.807129 5.435643 4.815076
1.807129 5.435643 4.815076
1.893801 5.901848 5.430082
1.802337 5.409575 4.781011
1.834344 5.583078 5.008405
1.778787 5.280934 4.613454
1.805522 5.426906 4.80366
1.834344 5.583078 5.008405
1.794488 5.366794 4.725188
1.799702 5.395223 4.762273
1.79037 5.344312 4.695891
1.858069 5.71079 5.176762
1.846622 5.649264 5.095554
1.822441 5.518725 4.923881
1.799702 5.395223 4.762273
1.859293 5.71736 5.185444
1.858069 5.71079 5.176762
1.840728 5.617514 5.05372
1.785288 5.316529 4.659726
1.749364 5.118904 4.403738
1.838976 5.608072 5.041289
1.75394 5.144205 4.436384
1.810899 5.456129 4.841871
1.802337 5.409575 4.781011
1.726979 4.994559 4.243856
1.799702 5.395223 4.762273
1.783777 5.308263 4.648974
1.846622 5.649264 5.095554
1.810899 5.456129 4.841871
1.805522 5.426906 4.80366
1.70768 4.886527 4.105736
1.908025 5.977501 5.530852
1.861752 5.730555 5.202887
1.803928 5.41823 4.792318
1.805522 5.426906 4.80366
1.805522 5.426906 4.80366
1.779779 5.286367 4.620514
1.768535 5.224648 4.540431
1.805522 5.426906 4.80366
1.778787 5.280934 4.613454
1.801809 5.406697 4.777253
1.759047 5.172397 4.472805
1.801809 5.406697 4.777253
1.853209 5.68469 5.14229
1.799702 5.395223 4.762273
1.810899 5.456129 4.841871
1.788328 5.333154 4.681363
1.810899 5.456129 4.841871
1.75394 5.144205 4.436384
1.86922 5.770578 5.255849
1.756252 5.156972 4.452872
1.756252 5.156972 4.452872
1.74485 5.093912 4.371527
1.756252 5.156972 4.452872
1.781273 5.294555 4.631153
1.768535 5.224648 4.540431
1.781773 5.29729 4.634707
1.810899 5.456129 4.841871
1.745748 5.098886 4.377935
1.747551 5.108871 4.390802
1.756252 5.156972 4.452872
1.810899 5.456129 4.841871
1.782273 5.300028 4.638266
1.805522 5.426906 4.80366
1.873006 5.790842 5.282692
1.845436 5.64288 5.087138
1.822441 5.518725 4.923881
1.805522 5.426906 4.80366
1.920601 6.044212 5.619921
1.801809 5.406697 4.777253
1.745748 5.098886 4.377935
1.794488 5.366794 4.725188
1.755788 5.154412 4.449565
1.805522 5.426906 4.80366
1.809818 5.450257 4.834188
1.789347 5.338725 4.688616
1.776319 5.267398 4.595876
1.774357 5.25663 4.581901
1.770465 5.235256 4.554179
1.751644 5.131516 4.420006
1.810899 5.456129 4.841871
1.759047 5.172397 4.472805
1.79037 5.344312 4.695891
1.791909 5.352716 4.706839
1.802337 5.409575 4.781011
1.74485 5.093912 4.371527
1.776319 5.267398 4.595876
1.75073 5.126462 4.413486
1.818555 5.497668 4.896271
1.801281 5.403823 4.7735
1.805522 5.426906 4.80366
1.801809 5.406697 4.777253
1.799702 5.395223 4.762273
1.782273 5.300028 4.638266
1.835497 5.589302 5.01659
1.80874 5.4444 4.826527
1.751644 5.131516 4.420006
1.810899 5.456129 4.841871
1.807665 5.438558 4.818887
1.834344 5.583078 5.008405
1.801809 5.406697 4.777253
1.791909 5.352716 4.706839
1.816901 5.488703 4.884522
1.783777 5.308263 4.648974
1.768535 5.224648 4.540431
1.786805 5.324827 4.670523
1.759047 5.172397 4.472805
1.834344 5.583078 5.008405
1.791909 5.352716 4.706839
1.830335 5.561427 4.979945
1.831477 5.567593 4.988047
1.749364 5.118904 4.403738
1.79037 5.344312 4.695891
1.819661 5.503664 4.904131
1.846622 5.649264 5.095554
1.806593 5.432731 4.811269
1.75394 5.144205 4.436384
1.801809 5.406697 4.777253
1.742617 5.08153 4.355583
1.888505 5.873623 5.392552
1.806593 5.432731 4.811269
1.780276 5.289091 4.624054
1.794488 5.366794 4.725188
1.847812 5.655666 5.103995
1.799702 5.395223 4.762273
1.759047 5.172397 4.472805
1.850801 5.671746 5.125207
1.840728 5.617514 5.05372
1.749364 5.118904 4.403738
1.805522 5.426906 4.80366
1.810899 5.456129 4.841871
1.810899 5.456129 4.841871
1.749364 5.118904 4.403738
1.74485 5.093912 4.371527
1.783777 5.308263 4.648974
1.805522 5.426906 4.80366
1.840728 5.617514 5.05372
1.837233 5.598668 5.028913
1.738635 5.05943 4.327149
1.837233 5.598668 5.028913
1.810899 5.456129 4.841871
1.831477 5.567593 4.988047
1.818555 5.497668 4.896271
1.930637 6.097338 5.690989
1.794488 5.366794 4.725188
1.810899 5.456129 4.841871
1.778787 5.280934 4.613454
1.82863 5.55221 4.967835
1.790882 5.34711 4.699535
1.822441 5.518725 4.923881
1.805522 5.426906 4.80366
1.810899 5.456129 4.841871
1.759047 5.172397 4.472805
1.831477 5.567593 4.988047
1.810899 5.456129 4.841871
1.810358 5.453191 4.838027
1.712896 4.915805 4.143095
1.870479 5.777314 5.26477
1.797086 5.380963 4.743665
1.742617 5.08153 4.355583
1.810899 5.456129 4.841871
1.778787 5.280934 4.613454
1.834344 5.583078 5.008405
1.759047 5.172397 4.472805
1.757181 5.162101 4.459498
1.805522 5.426906 4.80366
1.809818 5.450257 4.834188
1.799702 5.395223 4.762273
1.770465 5.235256 4.554179
1.810899 5.456129 4.841871
1.805522 5.426906 4.80366
1.779779 5.286367 4.620514
1.794488 5.366794 4.725188
1.756716 5.159535 4.456183
1.752102 5.134047 4.423273
1.855025 5.694444 5.155169
1.755788 5.154413 4.449565
1.807129 5.435643 4.815076
1.82863 5.55221 4.967835
1.82863 5.55221 4.967835
1.819661 5.503664 4.904131
1.75256 5.136582 4.426544
1.841899 5.623829 5.062038
1.866092 5.753821 5.233665
1.808202 5.441477 4.822704
1.822441 5.518725 4.923881
1.741728 5.076598 4.349235
1.796044 5.375284 4.736259
1.867966 5.763861 5.246955
1.800754 5.400952 4.769752
1.840728 5.617514 5.05372
1.74485 5.093912 4.371527
1.785288 5.316529 4.659726
1.837233 5.598668 5.028913
1.808202 5.441477 4.822704
1.809818 5.450257 4.834188
1.779779 5.286367 4.620514
1.846622 5.649264 5.095554
1.822441 5.518725 4.923881
1.807129 5.435643 4.815076
1.866092 5.753821 5.233665
1.759047 5.172397 4.472805
1.946879 6.183107 5.805975
1.768535 5.224648 4.540431
1.853209 5.68469 5.14229
1.790882 5.34711 4.699535
1.737319 5.052117 4.317747
1.794488 5.366794 4.725188
1.747551 5.108871 4.390802
1.859293 5.71736 5.185444
1.810899 5.456129 4.841871
1.809818 5.450257 4.834188
1.829766 5.558351 4.975902
1.797086 5.380963 4.743665
1.805522 5.426906 4.80366
1.803928 5.41823 4.792318
1.729105 5.006413 4.259058
1.787312 5.3276 4.674132
1.938684 6.139866 5.747966
1.79037 5.344312 4.695891
1.840728 5.617514 5.05372
1.768535 5.224648 4.540431
1.799702 5.395223 4.762273
1.785793 5.319292 4.66332
1.797086 5.380963 4.743665
1.768535 5.224648 4.540431
1.809818 5.450257 4.834188
1.861752 5.730555 5.202887
1.800754 5.400952 4.769752
1.763758 5.198361 4.506388
1.822441 5.518725 4.923881
1.790882 5.34711 4.699535
1.794488 5.366794 4.725188
1.794488 5.366794 4.725188
1.806593 5.432731 4.811269
1.86922 5.770578 5.255849
1.783777 5.308263 4.648974
1.802337 5.409575 4.781011
1.74485 5.093912 4.371527
1.755325 5.151855 4.446263
1.805522 5.426906 4.80366
1.776319 5.267398 4.595876
1.799702 5.395223 4.762273
1.710076 4.899984 4.1229
1.794488 5.366794 4.725188
1.810899 5.456129 4.841871
1.808202 5.441477 4.822704
1.794488 5.366794 4.725188
1.776319 5.267398 4.595876
1.810899 5.456129 4.841871
1.805522 5.426906 4.80366
1.816901 5.488703 4.884522
1.770949 5.237915 4.557627
1.841899 5.623829 5.062038
1.75073 5.126462 4.413486
1.789347 5.338725 4.688616
1.82863 5.55221 4.967835
1.810899 5.456129 4.841871
1.803397 5.415341 4.788544
1.794488 5.366794 4.725188
1.809818 5.450257 4.834188
1.757181 5.162101 4.459498
1.759047 5.172397 4.472805
1.808202 5.441477 4.822704
1.756252 5.156972 4.452872
1.873006 5.790842 5.282692
1.808202 5.441477 4.822704
1.757646 5.16467 4.462818
1.789347 5.338725 4.688616
1.806593 5.432731 4.811269
1.799702 5.395223 4.762273
1.796565 5.378122 4.73996
1.758113 5.167243 4.466143
1.77338 5.251267 4.574942
1.859293 5.71736 5.185444
1.810899 5.456129 4.841871
1.75394 5.144205 4.436384
1.796044 5.375284 4.736259
1.805522 5.426906 4.80366
1.818555 5.497668 4.896271
1.802337 5.409575 4.781011
1.794488 5.366794 4.725188
1.714113 4.922626 4.151806
1.805522 5.426906 4.80366
1.75073 5.126462 4.413486
1.789347 5.338725 4.688616
1.808202 5.441477 4.822704
1.809818 5.450257 4.834188
1.805522 5.426906 4.80366
1.808202 5.441477 4.822704
1.799702 5.395223 4.762273
1.749364 5.118904 4.403738
1.799702 5.395223 4.762273
1.801281 5.403823 4.7735
1.806593 5.432731 4.811269
1.82863 5.55221 4.967835
1.810899 5.456129 4.841871
1.768535 5.224648 4.540431
1.830335 5.561427 4.979945
1.810899 5.456129 4.841871
1.796044 5.375284 4.736259
1.879394 5.824994 5.327978
1.873006 5.790842 5.282692
1.757646 5.16467 4.462818
1.799702 5.395223 4.762273
1.842487 5.626994 5.066206
1.859293 5.71736 5.185444
1.867966 5.763861 5.246955
1.783777 5.308263 4.648974
1.849603 5.665301 5.116703
1.806593 5.432731 4.811269
1.778787 5.280934 4.613454
1.749364 5.118904 4.403738
1.805522 5.426906 4.80366
1.77338 5.251267 4.574942
1.826932 5.543029 4.955779
1.757646 5.16467 4.462818
1.810899 5.456129 4.841871
1.728253 5.001663 4.252965
1.759047 5.172397 4.472805
1.796044 5.375284 4.736259
1.886536 5.863121 5.378598
1.831477 5.567593 4.988047
1.840728 5.617514 5.05372
1.757646 5.16467 4.462818
1.844845 5.639694 5.082939
1.735572 5.042408 4.305268
1.797608 5.383808 4.747377
1.800754 5.400952 4.769752
1.799702 5.395223 4.762273
1.806593 5.432731 4.811269
1.791395 5.349911 4.703185
1.843075 5.630162 5.07038
1.796044 5.375284 4.736259
1.785288 5.316529 4.659726
1.766138 5.211464 4.523353
1.829198 5.555278 4.971866
1.809818 5.450257 4.834188
1.830335 5.561427 4.979945
