0.821870701513067 0.951856946354883
0.841127922971114 0.937414030261348
0.848005502063274 0.948418156808803
0.871389270976616 0.961485557083906
0.822558459422283 0.938101788170564
0.830811554332875 0.951169188445667
0.865199449793673 0.958046767537827
0.863823933975241 0.960797799174691
0.865887207702889 0.966987620357634
0.860385144429161 0.955295735900963
0.873452544704264 0.97111416781293
0.823933975240715 0.942916093535076
0.870013755158184 0.960110041265475
0.834938101788171 0.953920220082531
0.830123796423659 0.94566712517194
0.853507565337001 0.951169188445667
0.84181568088033 0.958046767537827
0.819807427785419 0.937414030261348
0.858321870701513 0.96767537826685
0.805364511691884 0.940852819807428
0.837001375515818 0.951856946354883
0.840440165061898 0.951856946354883
0.840440165061898 0.949105914718019
0.863136176066025 0.958734525447043
0.839064649243466 0.964924346629986
0.858321870701513 0.957359009628611
0.832874828060523 0.951169188445667
0.832874828060523 0.951169188445667
0.808115543328748 0.940852819807428
0.839064649243466 0.947042640990371
0.853507565337001 0.954607977991747
0.862448418156809 0.957359009628611
0.860385144429161 0.958734525447043
0.850756533700138 0.948418156808803
0.830123796423659 0.936726272352132
0.860385144429161 0.955295735900963
0.808803301237964 0.94222833562586
0.799862448418157 0.925722145804677
0.843191196698762 0.948418156808803
0.861760660247593 0.958734525447043
0.837001375515818 0.957359009628611
0.822558459422283 0.944979367262723
0.856258596973865 0.949105914718019
0.854195323246217 0.939477303988996
0.839064649243466 0.946354883081155
0.859697386519945 0.961485557083906
0.850756533700138 0.955983493810179
0.859009628610729 0.955295735900963
0.846629986244842 0.949793672627235
0.824621733149931 0.953232462173315
0.834938101788171 0.940165061898212
0.830811554332875 0.952544704264099
0.828748280605227 0.94566712517194
0.839752407152682 0.958734525447043
0.837689133425034 0.949105914718019
0.859697386519945 0.953232462173315
0.840440165061898 0.939477303988996
0.824621733149931 0.933975240715268
0.850756533700138 0.950481430536451
0.839064649243466 0.944291609353508
0.831499312242091 0.958046767537827
0.853507565337001 0.961485557083906
0.848005502063274 0.957359009628611
0.830811554332875 0.940165061898212
0.839752407152682 0.958046767537827
0.814993122420908 0.94222833562586
0.864511691884457 0.968363136176066
0.863823933975241 0.96767537826685
0.823933975240715 0.944979367262723
0.883768913342503 0.966299862448418
0.819807427785419 0.940852819807428
0.84869325997249 0.957359009628611
0.832874828060523 0.930536451169188
0.840440165061898 0.950481430536451
0.817744154057772 0.942916093535076
0.852819807427785 0.949793672627235
0.819807427785419 0.93878954607978
0.878954607977992 0.969738651994498
0.825309491059147 0.940165061898212
0.844566712517194 0.957359009628611
0.850756533700138 0.960110041265475
0.842503438789546 0.947730398899587
0.83837689133425 0.952544704264099
0.830811554332875 0.943603851444292
0.84181568088033 0.943603851444292
0.84869325997249 0.960797799174691
0.843191196698762 0.951856946354883
0.827372764786795 0.94222833562586
0.83837689133425 0.952544704264099
0.822558459422283 0.939477303988996
0.845942228335626 0.951856946354883
0.848005502063274 0.962173314993122
0.841127922971114 0.949105914718019
0.842503438789546 0.949793672627235
0.844566712517194 0.955295735900963
0.858321870701513 0.959422283356259
0.850068775790922 0.958046767537827
0.832874828060523 0.947730398899587
0.859697386519945 0.957359009628611
0.842503438789546 0.948418156808803
0.813617606602476 0.926409903713893
0.817744154057772 0.933975240715268
0.849381017881706 0.951856946354883
0.834938101788171 0.954607977991747
0.861760660247593 0.955295735900963
0.830811554332875 0.947042640990371
0.847317744154058 0.940165061898212
0.853507565337001 0.960110041265475
0.84869325997249 0.957359009628611
0.84525447042641 0.959422283356259
0.846629986244842 0.952544704264099
0.836313617606602 0.952544704264099
0.790921595598349 0.928473177441541
0.837689133425034 0.941540577716644
0.858321870701513 0.960797799174691
0.847317744154058 0.950481430536451
0.825309491059147 0.94566712517194
0.843878954607978 0.94222833562586
0.846629986244842 0.94566712517194
0.859697386519945 0.963548830811554
0.828060522696011 0.950481430536451
0.858321870701513 0.956671251719395
0.84869325997249 0.94566712517194
0.832874828060523 0.952544704264099
0.84869325997249 0.958734525447043
0.862448418156809 0.953920220082531
0.856946354883081 0.962173314993122
0.833562585969739 0.950481430536451
0.828060522696011 0.953232462173315
0.872764786795048 0.953920220082531
0.859009628610729 0.956671251719395
0.866574965612105 0.960797799174691
0.833562585969739 0.951169188445667
0.834250343878955 0.957359009628611
0.876891334250344 0.962173314993122
0.829436038514443 0.953232462173315
0.825309491059147 0.94222833562586
0.840440165061898 0.948418156808803
0.819807427785419 0.94566712517194
0.822558459422283 0.94566712517194
0.872764786795048 0.963548830811554
0.853507565337001 0.958734525447043
0.830123796423659 0.957359009628611
0.859697386519945 0.958734525447043
0.854883081155433 0.959422283356259
0.843191196698762 0.953232462173315
0.853507565337001 0.951169188445667
0.848005502063274 0.960797799174691
0.830123796423659 0.950481430536451
0.810178817056396 0.938101788170564
0.834938101788171 0.951856946354883
0.876203576341128 0.96423658872077
0.83837689133425 0.956671251719395
0.827372764786795 0.933287482806052
0.848005502063274 0.952544704264099
0.854883081155433 0.957359009628611
0.856946354883081 0.949793672627235
0.876203576341128 0.960110041265475
0.828060522696011 0.933975240715268
0.827372764786795 0.944291609353508
0.87414030261348 0.961485557083906
0.860385144429161 0.960110041265475
0.87757909215956 0.962861072902338
0.853507565337001 0.955295735900963
0.858321870701513 0.963548830811554
0.843878954607978 0.94566712517194
0.830123796423659 0.939477303988996
0.839752407152682 0.948418156808803
0.846629986244842 0.951169188445667
0.836313617606602 0.949105914718019
0.852132049518569 0.954607977991747
0.849381017881706 0.956671251719395
0.823246217331499 0.944979367262723
0.822558459422283 0.949793672627235
0.863136176066025 0.958734525447043
0.850756533700138 0.955295735900963
0.821182943603851 0.936038514442916
0.852819807427785 0.951169188445667
0.856258596973865 0.964924346629986
0.808115543328748 0.939477303988996
0.855570839064649 0.961485557083906
0.834938101788171 0.941540577716644
0.833562585969739 0.950481430536451
0.860385144429161 0.96767537826685
0.845942228335626 0.953920220082531
0.846629986244842 0.960110041265475
0.837001375515818 0.947730398899587
0.808803301237964 0.934662998624484
0.853507565337001 0.962861072902338
0.843191196698762 0.950481430536451
0.836313617606602 0.955295735900963
0.83837689133425 0.948418156808803
0.828748280605227 0.938101788170564
0.845942228335626 0.949793672627235
0.843191196698762 0.952544704264099
0.869325997248968 0.961485557083906
0.856946354883081 0.958734525447043
0.845942228335626 0.952544704264099
0.852132049518569 0.954607977991747
0.848005502063274 0.959422283356259
0.861072902338377 0.958734525447043
0.828060522696011 0.955983493810179
0.843878954607978 0.968363136176066
0.839752407152682 0.961485557083906
0.839064649243466 0.950481430536451
0.854195323246217 0.938101788170564
0.878954607977992 0.956671251719395
0.830811554332875 0.94222833562586
0.817744154057772 0.94222833562586
0.802613480055021 0.927097661623109
0.819119669876204 0.944291609353508
0.825997248968363 0.949793672627235
0.856258596973865 0.948418156808803
0.836313617606602 0.949105914718019
0.850068775790922 0.956671251719395
0.859697386519945 0.962173314993122
0.856258596973865 0.957359009628611
0.819119669876204 0.939477303988996
0.817056396148556 0.934662998624484
0.84869325997249 0.952544704264099
0.844566712517194 0.958046767537827
0.850756533700138 0.962861072902338
0.863136176066025 0.964924346629986
0.865199449793673 0.946354883081155
0.865199449793673 0.958734525447043
0.825309491059147 0.950481430536451
0.845942228335626 0.96423658872077
0.856258596973865 0.951856946354883
0.817056396148556 0.939477303988996
0.803301237964237 0.924346629986245
0.859009628610729 0.962173314993122
0.856946354883081 0.958046767537827
0.850756533700138 0.950481430536451
0.839752407152682 0.951856946354883
0.863136176066025 0.955295735900963
0.858321870701513 0.955295735900963
0.830811554332875 0.948418156808803
0.86726272352132 0.960110041265475
0.849381017881706 0.955295735900963
0.845942228335626 0.948418156808803
0.78060522696011 0.929160935350757
0.843191196698762 0.951169188445667
0.831499312242091 0.953920220082531
0.855570839064649 0.951856946354883
0.846629986244842 0.953920220082531
0.825997248968363 0.947042640990371
0.840440165061898 0.952544704264099
0.875515818431912 0.965612104539202
0.849381017881706 0.959422283356259
0.84869325997249 0.947730398899587
0.792297111416781 0.9353507565337
0.852819807427785 0.951169188445667
0.84869325997249 0.946354883081155
0.844566712517194 0.940852819807428
0.850756533700138 0.953920220082531
0.832187070151307 0.950481430536451
0.836313617606602 0.954607977991747
0.850756533700138 0.962861072902338
0.845942228335626 0.951856946354883
0.834250343878955 0.94222833562586
0.839064649243466 0.955983493810179
0.841127922971114 0.947730398899587
0.837689133425034 0.952544704264099
0.855570839064649 0.954607977991747
0.83837689133425 0.940852819807428
0.823933975240715 0.946354883081155
0.846629986244842 0.943603851444292
0.856946354883081 0.962861072902338
0.86726272352132 0.956671251719395
0.822558459422283 0.943603851444292
0.842503438789546 0.948418156808803
0.815680880330124 0.924346629986245
0.837001375515818 0.949105914718019
0.815680880330124 0.949793672627235
0.858321870701513 0.959422283356259
0.868638239339752 0.954607977991747
0.841127922971114 0.959422283356259
0.81636863823934 0.937414030261348
0.846629986244842 0.957359009628611
0.878954607977992 0.966299862448418
0.814993122420908 0.936038514442916
0.850068775790922 0.958734525447043
0.822558459422283 0.946354883081155
0.846629986244842 0.944979367262723
0.854195323246217 0.957359009628611
0.815680880330124 0.936726272352132
0.84869325997249 0.949793672627235
0.817744154057772 0.948418156808803
0.843878954607978 0.952544704264099
0.844566712517194 0.962173314993122
0.854195323246217 0.959422283356259
0.872077028885832 0.961485557083906
0.832187070151307 0.93878954607978
0.852819807427785 0.947730398899587
0.837689133425034 0.941540577716644
0.827372764786795 0.949105914718019
0.83837689133425 0.953920220082531
0.821182943603851 0.952544704264099
0.852819807427785 0.955295735900963
0.871389270976616 0.966299862448418
0.852819807427785 0.960110041265475
0.832187070151307 0.948418156808803
0.846629986244842 0.960110041265475
0.84869325997249 0.942916093535076
0.810178817056396 0.942916093535076
0.839064649243466 0.956671251719395
0.806740027510316 0.932599724896836
0.858321870701513 0.958734525447043
0.850756533700138 0.954607977991747
0.819807427785419 0.946354883081155
0.849381017881706 0.960797799174691
0.84181568088033 0.953232462173315
0.850756533700138 0.953920220082531
0.832187070151307 0.951169188445667
0.850068775790922 0.954607977991747
0.857634112792297 0.962861072902338
0.830811554332875 0.94566712517194
0.834250343878955 0.957359009628611
0.834938101788171 0.944979367262723
0.84869325997249 0.94566712517194
0.817744154057772 0.939477303988996
0.817056396148556 0.94566712517194
0.86726272352132 0.963548830811554
0.84525447042641 0.950481430536451
0.859697386519945 0.963548830811554
0.860385144429161 0.949793672627235
0.830811554332875 0.938101788170564
0.825997248968363 0.938101788170564
0.850068775790922 0.957359009628611
0.818431911966988 0.940165061898212
0.841127922971114 0.943603851444292
0.825309491059147 0.940852819807428
0.837001375515818 0.951169188445667
0.817056396148556 0.949793672627235
0.814305364511692 0.934662998624484
0.823246217331499 0.939477303988996
0.815680880330124 0.931224209078404
0.835625859697387 0.944291609353508
0.832874828060523 0.944291609353508
0.840440165061898 0.952544704264099
0.839064649243466 0.950481430536451
0.837001375515818 0.948418156808803
0.832187070151307 0.947730398899587
0.863136176066025 0.962861072902338
0.856258596973865 0.947730398899587
0.827372764786795 0.93878954607978
0.843191196698762 0.960110041265475
0.83837689133425 0.953232462173315
0.856258596973865 0.963548830811554
0.851444291609354 0.958734525447043
0.854883081155433 0.962173314993122
0.849381017881706 0.949793672627235
0.803301237964237 0.926409903713893
0.843191196698762 0.940165061898212
0.851444291609354 0.955983493810179
0.863136176066025 0.958046767537827
0.824621733149931 0.940165061898212
0.830811554332875 0.940165061898212
0.84525447042641 0.949105914718019
0.827372764786795 0.948418156808803
0.849381017881706 0.955295735900963
0.836313617606602 0.946354883081155
0.835625859697387 0.951169188445667
0.843878954607978 0.948418156808803
0.867950481430536 0.965612104539202
0.848005502063274 0.955983493810179
0.845942228335626 0.955295735900963
0.835625859697387 0.948418156808803
0.839064649243466 0.946354883081155
0.851444291609354 0.960797799174691
0.850068775790922 0.955983493810179
0.830123796423659 0.93878954607978
0.834250343878955 0.94566712517194
0.855570839064649 0.955983493810179
0.836313617606602 0.955295735900963
0.830123796423659 0.943603851444292
0.814305364511692 0.946354883081155
0.868638239339752 0.955983493810179
0.817056396148556 0.944291609353508
0.842503438789546 0.949793672627235
0.843878954607978 0.962861072902338
0.815680880330124 0.931224209078404
0.840440165061898 0.951856946354883
0.828748280605227 0.93878954607978
0.819807427785419 0.938101788170564
0.859697386519945 0.951856946354883
0.848005502063274 0.958734525447043
0.84525447042641 0.962861072902338
0.831499312242091 0.934662998624484
0.848005502063274 0.956671251719395
0.831499312242091 0.959422283356259
0.811554332874828 0.925034387895461
0.825997248968363 0.946354883081155
0.839752407152682 0.938101788170564
0.856946354883081 0.960110041265475
0.863136176066025 0.955983493810179
0.820495185694636 0.940165061898212
0.857634112792297 0.947042640990371
0.837001375515818 0.941540577716644
0.831499312242091 0.944291609353508
0.801925722145805 0.944979367262723
0.81636863823934 0.939477303988996
0.825309491059147 0.9353507565337
0.819807427785419 0.944291609353508
0.796423658872077 0.932599724896836
0.839752407152682 0.951856946354883
0.83837689133425 0.957359009628611
0.86726272352132 0.956671251719395
0.854883081155433 0.954607977991747
0.84181568088033 0.949105914718019
0.858321870701513 0.952544704264099
0.850068775790922 0.946354883081155
0.836313617606602 0.951856946354883
0.871389270976616 0.968363136176066
0.826685006877579 0.951856946354883
0.859009628610729 0.950481430536451
0.837689133425034 0.947730398899587
0.851444291609354 0.953232462173315
0.852132049518569 0.953920220082531
0.813617606602476 0.93878954607978
0.843878954607978 0.952544704264099
0.84869325997249 0.948418156808803
0.859697386519945 0.948418156808803
0.84181568088033 0.955295735900963
0.852819807427785 0.960110041265475
0.819807427785419 0.948418156808803
0.848005502063274 0.955295735900963
0.84869325997249 0.950481430536451
0.870013755158184 0.96423658872077
0.837001375515818 0.951856946354883
0.835625859697387 0.947730398899587
0.852132049518569 0.953920220082531
0.840440165061898 0.952544704264099
0.850068775790922 0.960110041265475
0.826685006877579 0.946354883081155
0.80949105914718 0.951856946354883
0.827372764786795 0.955983493810179
0.839064649243466 0.942916093535076
0.842503438789546 0.952544704264099
0.84181568088033 0.947042640990371
0.843878954607978 0.956671251719395
0.851444291609354 0.944979367262723
0.850068775790922 0.953232462173315
0.833562585969739 0.958046767537827
0.833562585969739 0.957359009628611
0.840440165061898 0.949105914718019
0.803988995873453 0.928473177441541
0.872077028885832 0.957359009628611
0.856258596973865 0.961485557083906
0.823246217331499 0.952544704264099
0.84525447042641 0.953920220082531
0.835625859697387 0.958734525447043
0.850068775790922 0.951169188445667
0.872077028885832 0.965612104539202
0.850068775790922 0.957359009628611
0.845942228335626 0.962861072902338
0.863136176066025 0.951856946354883
0.849381017881706 0.949105914718019
0.861760660247593 0.963548830811554
0.840440165061898 0.949793672627235
0.796423658872077 0.928473177441541
0.850756533700138 0.955295735900963
0.842503438789546 0.951856946354883
0.846629986244842 0.954607977991747
0.83837689133425 0.948418156808803
0.849381017881706 0.952544704264099
0.841127922971114 0.950481430536451
0.84181568088033 0.951856946354883
0.825309491059147 0.949105914718019
0.850068775790922 0.951856946354883
0.871389270976616 0.956671251719395
0.843191196698762 0.958734525447043
0.845942228335626 0.956671251719395
0.833562585969739 0.94566712517194
0.862448418156809 0.960110041265475
0.850756533700138 0.951169188445667
0.845942228335626 0.94566712517194
0.830811554332875 0.947042640990371
0.820495185694636 0.93878954607978
0.842503438789546 0.948418156808803
0.841127922971114 0.949793672627235
0.861760660247593 0.949105914718019
0.843878954607978 0.959422283356259
0.842503438789546 0.955983493810179
0.845942228335626 0.949793672627235
0.827372764786795 0.950481430536451
0.829436038514443 0.939477303988996
0.839064649243466 0.94222833562586
0.843191196698762 0.948418156808803
0.823933975240715 0.94222833562586
0.839752407152682 0.948418156808803
0.841127922971114 0.944979367262723
0.84869325997249 0.957359009628611
0.869325997248968 0.966299862448418
0.84181568088033 0.948418156808803
0.820495185694636 0.934662998624484
0.876891334250344 0.958734525447043
0.843191196698762 0.947042640990371
0.835625859697387 0.948418156808803
0.843878954607978 0.962173314993122
0.866574965612105 0.964924346629986
0.823246217331499 0.954607977991747
0.865887207702889 0.969050894085282
0.834250343878955 0.944291609353508
0.872764786795048 0.965612104539202
0.840440165061898 0.953232462173315
0.83837689133425 0.958046767537827
0.837001375515818 0.942916093535076
0.835625859697387 0.943603851444292
0.807427785419532 0.9353507565337
0.841127922971114 0.955295735900963
0.845942228335626 0.949793672627235
0.846629986244842 0.953232462173315
0.834938101788171 0.955983493810179
0.843878954607978 0.946354883081155
0.867950481430536 0.962861072902338
0.847317744154058 0.947042640990371
0.859697386519945 0.959422283356259
0.859697386519945 0.947730398899587
0.84181568088033 0.942916093535076
0.823246217331499 0.94566712517194
0.785419532324622 0.924346629986245
0.841127922971114 0.953232462173315
0.830123796423659 0.94566712517194
0.87414030261348 0.975928473177442
0.871389270976616 0.960110041265475
0.865199449793673 0.953232462173315
0.843191196698762 0.946354883081155
0.84181568088033 0.947730398899587
0.852819807427785 0.951856946354883
0.857634112792297 0.953232462173315
0.841127922971114 0.951856946354883
0.866574965612105 0.958046767537827
0.849381017881706 0.955983493810179
0.834250343878955 0.940852819807428
0.847317744154058 0.958734525447043
0.863136176066025 0.956671251719395
0.856946354883081 0.951169188445667
0.844566712517194 0.951169188445667
0.84525447042641 0.950481430536451
0.860385144429161 0.961485557083906
0.845942228335626 0.947730398899587
0.835625859697387 0.951856946354883
0.823246217331499 0.939477303988996
0.848005502063274 0.956671251719395
0.84869325997249 0.951856946354883
0.804676753782668 0.923658872077029
0.851444291609354 0.952544704264099
0.834250343878955 0.960797799174691
0.856258596973865 0.949105914718019
0.83837689133425 0.948418156808803
0.843878954607978 0.953232462173315
0.872764786795048 0.955295735900963
0.84869325997249 0.956671251719395
0.84525447042641 0.94566712517194
0.83837689133425 0.949105914718019
0.840440165061898 0.950481430536451
0.821870701513067 0.944979367262723
0.84525447042641 0.950481430536451
0.882393397524072 0.963548830811554
0.810866574965612 0.929160935350757
0.857634112792297 0.960797799174691
0.832874828060523 0.940165061898212
0.837689133425034 0.947042640990371
0.859009628610729 0.956671251719395
0.87414030261348 0.960110041265475
0.834250343878955 0.940165061898212
0.839064649243466 0.953232462173315
0.865887207702889 0.951856946354883
0.84525447042641 0.946354883081155
0.840440165061898 0.947730398899587
0.84525447042641 0.950481430536451
0.802613480055021 0.934662998624484
0.861760660247593 0.961485557083906
0.827372764786795 0.951169188445667
0.83837689133425 0.955983493810179
0.850756533700138 0.950481430536451
0.840440165061898 0.957359009628611
0.846629986244842 0.957359009628611
0.823933975240715 0.933287482806052
0.844566712517194 0.946354883081155
0.819807427785419 0.940852819807428
0.821182943603851 0.952544704264099
0.843191196698762 0.944979367262723
0.872077028885832 0.958734525447043
0.846629986244842 0.958734525447043
0.845942228335626 0.952544704264099
0.823246217331499 0.947042640990371
0.835625859697387 0.947730398899587
0.861760660247593 0.958734525447043
0.863136176066025 0.962173314993122
0.810178817056396 0.931224209078404
0.852132049518569 0.953232462173315
0.856258596973865 0.962173314993122
0.830123796423659 0.946354883081155
0.863823933975241 0.954607977991747
0.849381017881706 0.957359009628611
0.822558459422283 0.937414030261348
0.84869325997249 0.953232462173315
0.832187070151307 0.94566712517194
0.842503438789546 0.948418156808803
0.839064649243466 0.949793672627235
0.825309491059147 0.944291609353508
0.823246217331499 0.950481430536451
0.799174690508941 0.951169188445667
0.828748280605227 0.947042640990371
0.862448418156809 0.949793672627235
0.835625859697387 0.953920220082531
0.831499312242091 0.949105914718019
0.837001375515818 0.952544704264099
0.861760660247593 0.953232462173315
0.840440165061898 0.943603851444292
0.837001375515818 0.952544704264099
0.839064649243466 0.947730398899587
0.84525447042641 0.951856946354883
0.818431911966988 0.94566712517194
0.840440165061898 0.956671251719395
0.842503438789546 0.946354883081155
0.872764786795048 0.962861072902338
0.830123796423659 0.953920220082531
0.799862448418157 0.950481430536451
0.86726272352132 0.960797799174691
0.850068775790922 0.960797799174691
0.835625859697387 0.955295735900963
0.854883081155433 0.962861072902338
0.828060522696011 0.956671251719395
0.837001375515818 0.942916093535076
0.834938101788171 0.944291609353508
0.845942228335626 0.959422283356259
0.834938101788171 0.943603851444292
0.842503438789546 0.947042640990371
0.852819807427785 0.955983493810179
0.832874828060523 0.953232462173315
0.84525447042641 0.952544704264099
0.830811554332875 0.950481430536451
0.828748280605227 0.948418156808803
0.832187070151307 0.940165061898212
0.861072902338377 0.956671251719395
0.814305364511692 0.93878954607978
0.865199449793673 0.951169188445667
0.839064649243466 0.948418156808803
0.80949105914718 0.939477303988996
0.832874828060523 0.944291609353508
0.854883081155433 0.955983493810179
0.812242090784044 0.947042640990371
0.859697386519945 0.966299862448418
0.823933975240715 0.93878954607978
0.835625859697387 0.956671251719395
0.811554332874828 0.940165061898212
0.828060522696011 0.937414030261348
0.843191196698762 0.955983493810179
0.856946354883081 0.959422283356259
0.849381017881706 0.953920220082531
0.839064649243466 0.948418156808803
0.830123796423659 0.951169188445667
0.833562585969739 0.950481430536451
0.845942228335626 0.958046767537827
0.832187070151307 0.954607977991747
0.837689133425034 0.947042640990371
0.860385144429161 0.960110041265475
0.839064649243466 0.944979367262723
0.829436038514443 0.947042640990371
0.851444291609354 0.958734525447043
0.84181568088033 0.949105914718019
0.825997248968363 0.937414030261348
0.832187070151307 0.946354883081155
0.852132049518569 0.947730398899587
0.829436038514443 0.953920220082531
0.853507565337001 0.951856946354883
0.858321870701513 0.951856946354883
0.867950481430536 0.965612104539202
0.84869325997249 0.955983493810179
0.854195323246217 0.953920220082531
0.859697386519945 0.954607977991747
0.84181568088033 0.947042640990371
0.830811554332875 0.940852819807428
0.858321870701513 0.949105914718019
0.850756533700138 0.952544704264099
0.847317744154058 0.952544704264099
0.837001375515818 0.949105914718019
0.828060522696011 0.938101788170564
0.834938101788171 0.947042640990371
0.837001375515818 0.951856946354883
0.862448418156809 0.954607977991747
0.846629986244842 0.947042640990371
0.815680880330124 0.944979367262723
0.845942228335626 0.956671251719395
0.810178817056396 0.936726272352132
0.852132049518569 0.960110041265475
0.875515818431912 0.965612104539202
0.843878954607978 0.953920220082531
0.837001375515818 0.950481430536451
0.850756533700138 0.953920220082531
0.843191196698762 0.952544704264099
0.821182943603851 0.948418156808803
0.865887207702889 0.960797799174691
0.832187070151307 0.953232462173315
0.843878954607978 0.951169188445667
0.859697386519945 0.957359009628611
0.837001375515818 0.962861072902338
0.825997248968363 0.941540577716644
0.831499312242091 0.953920220082531
0.840440165061898 0.948418156808803
0.859009628610729 0.962861072902338
0.837689133425034 0.94566712517194
0.843191196698762 0.940852819807428
0.831499312242091 0.949105914718019
0.819119669876204 0.94222833562586
0.820495185694636 0.940852819807428
0.848005502063274 0.958734525447043
0.837689133425034 0.950481430536451
0.848005502063274 0.958046767537827
0.840440165061898 0.948418156808803
0.832874828060523 0.954607977991747
0.857634112792297 0.951169188445667
0.852132049518569 0.956671251719395
0.821870701513067 0.940852819807428
0.858321870701513 0.959422283356259
0.857634112792297 0.949793672627235
0.836313617606602 0.949793672627235
0.84181568088033 0.94566712517194
0.855570839064649 0.955983493810179
0.837689133425034 0.946354883081155
0.83837689133425 0.955295735900963
0.828060522696011 0.946354883081155
0.834250343878955 0.941540577716644
0.815680880330124 0.944291609353508
0.823933975240715 0.934662998624484
0.864511691884457 0.962173314993122
0.854883081155433 0.962173314993122
0.849381017881706 0.949793672627235
0.837689133425034 0.947730398899587
0.852132049518569 0.955295735900963
0.847317744154058 0.953232462173315
0.866574965612105 0.960110041265475
0.844566712517194 0.955983493810179
0.840440165061898 0.958734525447043
0.856946354883081 0.957359009628611
0.883081155433287 0.969738651994498
0.820495185694636 0.934662998624484
0.833562585969739 0.948418156808803
0.834938101788171 0.959422283356259
0.852132049518569 0.955295735900963
0.839752407152682 0.949793672627235
0.83837689133425 0.947730398899587
0.834250343878955 0.956671251719395
0.865199449793673 0.958046767537827
0.846629986244842 0.949793672627235
0.859009628610729 0.957359009628611
0.832874828060523 0.953232462173315
0.845942228335626 0.947042640990371
0.828748280605227 0.951169188445667
0.841127922971114 0.949105914718019
0.824621733149931 0.942916093535076
0.845942228335626 0.956671251719395
0.866574965612105 0.962861072902338
0.836313617606602 0.955983493810179
0.851444291609354 0.953232462173315
0.820495185694636 0.93191196698762
0.845942228335626 0.955983493810179
0.862448418156809 0.955983493810179
0.823246217331499 0.947042640990371
0.858321870701513 0.956671251719395
0.843191196698762 0.946354883081155
0.831499312242091 0.952544704264099
0.806740027510316 0.932599724896836
0.870013755158184 0.959422283356259
0.843878954607978 0.951169188445667
0.831499312242091 0.960797799174691
0.84181568088033 0.955295735900963
0.828060522696011 0.944291609353508
0.84869325997249 0.951856946354883
0.856258596973865 0.956671251719395
0.858321870701513 0.957359009628611
0.857634112792297 0.958734525447043
0.818431911966988 0.947730398899587
0.837689133425034 0.955983493810179
0.862448418156809 0.955983493810179
0.830123796423659 0.944291609353508
0.825997248968363 0.940852819807428
0.858321870701513 0.960797799174691
0.836313617606602 0.959422283356259
0.833562585969739 0.946354883081155
