0.859697386519945 0.955295735900963
0.840440165061898 0.944291609353508
0.846629986244842 0.955295735900963
0.860385144429161 0.965612104539202
0.822558459422283 0.955983493810179
0.825997248968363 0.950481430536451
0.821182943603851 0.946354883081155
0.83837689133425 0.958046767537827
0.834250343878955 0.940852819807428
0.848005502063274 0.946354883081155
0.847317744154058 0.951169188445667
0.858321870701513 0.961485557083906
0.831499312242091 0.944979367262723
0.829436038514443 0.94222833562586
0.832874828060523 0.949105914718019
0.850068775790922 0.951856946354883
0.852132049518569 0.962861072902338
0.84525447042641 0.951169188445667
0.836313617606602 0.953232462173315
0.834250343878955 0.950481430536451
0.826685006877579 0.958734525447043
0.847317744154058 0.949105914718019
0.852819807427785 0.954607977991747
0.844566712517194 0.958734525447043
0.84525447042641 0.956671251719395
0.815680880330124 0.953232462173315
0.839064649243466 0.954607977991747
0.827372764786795 0.955983493810179
0.863823933975241 0.961485557083906
0.837689133425034 0.940852819807428
0.867950481430536 0.957359009628611
0.84181568088033 0.944979367262723
0.840440165061898 0.957359009628611
0.837689133425034 0.949793672627235
0.819807427785419 0.939477303988996
0.841127922971114 0.954607977991747
0.823933975240715 0.952544704264099
0.84181568088033 0.948418156808803
0.853507565337001 0.956671251719395
0.828748280605227 0.951169188445667
0.828748280605227 0.949793672627235
0.845942228335626 0.957359009628611
0.831499312242091 0.949793672627235
0.840440165061898 0.949105914718019
0.862448418156809 0.956671251719395
0.84525447042641 0.956671251719395
0.828060522696011 0.953232462173315
0.856258596973865 0.955983493810179
0.842503438789546 0.944291609353508
0.856258596973865 0.958734525447043
0.81292984869326 0.944291609353508
0.852132049518569 0.954607977991747
0.840440165061898 0.944291609353508
0.840440165061898 0.944291609353508
0.81636863823934 0.939477303988996
0.834938101788171 0.947042640990371
0.84869325997249 0.951856946354883
0.839752407152682 0.947042640990371
0.832187070151307 0.94566712517194
0.854195323246217 0.962861072902338
0.865199449793673 0.952544704264099
0.859009628610729 0.953232462173315
0.831499312242091 0.944291609353508
0.852819807427785 0.953232462173315
0.825309491059147 0.947730398899587
0.831499312242091 0.952544704264099
0.86726272352132 0.961485557083906
0.835625859697387 0.94222833562586
0.81292984869326 0.943603851444292
0.852132049518569 0.955983493810179
0.834250343878955 0.954607977991747
0.849381017881706 0.949793672627235
0.84181568088033 0.959422283356259
0.832187070151307 0.958046767537827
0.839752407152682 0.955983493810179
0.848005502063274 0.960110041265475
0.821870701513067 0.936726272352132
0.846629986244842 0.951856946354883
0.859009628610729 0.956671251719395
0.834250343878955 0.940852819807428
0.843878954607978 0.953232462173315
0.844566712517194 0.953232462173315
0.863823933975241 0.959422283356259
0.84869325997249 0.954607977991747
0.839064649243466 0.957359009628611
0.843191196698762 0.948418156808803
0.825997248968363 0.943603851444292
0.863136176066025 0.956671251719395
0.84525447042641 0.952544704264099
0.84181568088033 0.957359009628611
0.837001375515818 0.944979367262723
0.844566712517194 0.952544704264099
0.866574965612105 0.953232462173315
0.830811554332875 0.948418156808803
0.847317744154058 0.949793672627235
0.8707015130674 0.961485557083906
0.832187070151307 0.943603851444292
0.836313617606602 0.952544704264099
0.850756533700138 0.958046767537827
0.850068775790922 0.962173314993122
0.84869325997249 0.947042640990371
0.821870701513067 0.939477303988996
0.814305364511692 0.943603851444292
0.842503438789546 0.946354883081155
0.828060522696011 0.950481430536451
0.861072902338377 0.965612104539202
0.859697386519945 0.960110041265475
0.84525447042641 0.952544704264099
0.858321870701513 0.955295735900963
0.842503438789546 0.957359009628611
0.81636863823934 0.946354883081155
0.810866574965612 0.943603851444292
0.836313617606602 0.958734525447043
0.818431911966988 0.941540577716644
0.857634112792297 0.964924346629986
0.850756533700138 0.960110041265475
0.845942228335626 0.951856946354883
0.836313617606602 0.955983493810179
0.840440165061898 0.944291609353508
0.829436038514443 0.950481430536451
0.830123796423659 0.941540577716644
0.795735900962861 0.925722145804677
0.853507565337001 0.955983493810179
0.84869325997249 0.951856946354883
0.854883081155433 0.955983493810179
0.812242090784044 0.940165061898212
0.845942228335626 0.949793672627235
0.86726272352132 0.965612104539202
0.834938101788171 0.949105914718019
0.829436038514443 0.950481430536451
0.854195323246217 0.952544704264099
0.861072902338377 0.970426409903714
0.846629986244842 0.959422283356259
0.839064649243466 0.951169188445667
0.847317744154058 0.946354883081155
0.825309491059147 0.944291609353508
0.821870701513067 0.953232462173315
0.84869325997249 0.964924346629986
0.845942228335626 0.949793672627235
0.842503438789546 0.955295735900963
0.84525447042641 0.94566712517194
0.820495185694636 0.941540577716644
0.837689133425034 0.951856946354883
0.837001375515818 0.955983493810179
0.817744154057772 0.937414030261348
0.852132049518569 0.960110041265475
0.843191196698762 0.951856946354883
0.84181568088033 0.946354883081155
0.825309491059147 0.936038514442916
0.832874828060523 0.938101788170564
0.815680880330124 0.950481430536451
0.842503438789546 0.951169188445667
0.835625859697387 0.94566712517194
0.874828060522696 0.960110041265475
0.836313617606602 0.94222833562586
0.857634112792297 0.954607977991747
0.883081155433287 0.962861072902338
0.845942228335626 0.947730398899587
0.831499312242091 0.953232462173315
0.842503438789546 0.949793672627235
0.844566712517194 0.958046767537827
0.80949105914718 0.934662998624484
0.865199449793673 0.951856946354883
0.835625859697387 0.951856946354883
0.825997248968363 0.948418156808803
0.846629986244842 0.943603851444292
0.829436038514443 0.952544704264099
0.832874828060523 0.960797799174691
0.843191196698762 0.957359009628611
0.839064649243466 0.952544704264099
0.852819807427785 0.953232462173315
0.834938101788171 0.94222833562586
0.850068775790922 0.956671251719395
0.858321870701513 0.962173314993122
0.859697386519945 0.953920220082531
0.863136176066025 0.97111416781293
0.832874828060523 0.944979367262723
0.834938101788171 0.94566712517194
0.862448418156809 0.952544704264099
0.796423658872077 0.941540577716644
0.859009628610729 0.963548830811554
0.820495185694636 0.94222833562586
0.830811554332875 0.947042640990371
0.819807427785419 0.947042640990371
0.837001375515818 0.951856946354883
0.837689133425034 0.950481430536451
0.852132049518569 0.951169188445667
0.850068775790922 0.951856946354883
0.843191196698762 0.947042640990371
0.834938101788171 0.947042640990371
0.846629986244842 0.953920220082531
0.837001375515818 0.951856946354883
0.830811554332875 0.953232462173315
0.854195323246217 0.942916093535076
0.84869325997249 0.957359009628611
0.847317744154058 0.952544704264099
0.850068775790922 0.955295735900963
0.855570839064649 0.951856946354883
0.843878954607978 0.951169188445667
0.845942228335626 0.960110041265475
0.856258596973865 0.965612104539202
0.861760660247593 0.950481430536451
0.815680880330124 0.936038514442916
0.837689133425034 0.955295735900963
0.840440165061898 0.956671251719395
0.832874828060523 0.943603851444292
0.861760660247593 0.960110041265475
0.834250343878955 0.938101788170564
0.846629986244842 0.949793672627235
0.859697386519945 0.953232462173315
0.834250343878955 0.947730398899587
0.857634112792297 0.956671251719395
0.850756533700138 0.952544704264099
0.856258596973865 0.958046767537827
0.850068775790922 0.946354883081155
0.828060522696011 0.952544704264099
0.852819807427785 0.956671251719395
0.856946354883081 0.946354883081155
0.858321870701513 0.948418156808803
0.856946354883081 0.951169188445667
0.855570839064649 0.955983493810179
0.840440165061898 0.949793672627235
0.850068775790922 0.944979367262723
0.837689133425034 0.948418156808803
0.832187070151307 0.948418156808803
0.848005502063274 0.958046767537827
0.823933975240715 0.942916093535076
0.861760660247593 0.960110041265475
0.825309491059147 0.93878954607978
0.835625859697387 0.952544704264099
0.842503438789546 0.949105914718019
0.863823933975241 0.958046767537827
0.837689133425034 0.933975240715268
0.806740027510316 0.929160935350757
0.856946354883081 0.951856946354883
0.828060522696011 0.94222833562586
0.821870701513067 0.943603851444292
0.832874828060523 0.944291609353508
0.859697386519945 0.956671251719395
0.849381017881706 0.962861072902338
0.844566712517194 0.958046767537827
0.84869325997249 0.951856946354883
0.852132049518569 0.960110041265475
0.859697386519945 0.955983493810179
0.837689133425034 0.948418156808803
0.832874828060523 0.947730398899587
0.830811554332875 0.950481430536451
0.867950481430536 0.957359009628611
0.84869325997249 0.958046767537827
0.842503438789546 0.950481430536451
0.834938101788171 0.94222833562586
0.854883081155433 0.949793672627235
0.857634112792297 0.959422283356259
0.852819807427785 0.956671251719395
0.825997248968363 0.950481430536451
0.852132049518569 0.962173314993122
0.831499312242091 0.950481430536451
0.849381017881706 0.943603851444292
0.861760660247593 0.959422283356259
0.843191196698762 0.958046767537827
0.843878954607978 0.955295735900963
0.820495185694636 0.94566712517194
0.814993122420908 0.929160935350757
0.839064649243466 0.950481430536451
0.868638239339752 0.953920220082531
0.847317744154058 0.953232462173315
0.830123796423659 0.951169188445667
0.861760660247593 0.959422283356259
0.845942228335626 0.961485557083906
0.846629986244842 0.951856946354883
0.852132049518569 0.946354883081155
0.853507565337001 0.958046767537827
0.823933975240715 0.944291609353508
0.865887207702889 0.959422283356259
0.837689133425034 0.955295735900963
0.850068775790922 0.93878954607978
0.853507565337001 0.953232462173315
0.856258596973865 0.954607977991747
0.843878954607978 0.940852819807428
0.847317744154058 0.943603851444292
0.855570839064649 0.962173314993122
0.811554332874828 0.941540577716644
0.836313617606602 0.943603851444292
0.84525447042641 0.959422283356259
0.860385144429161 0.966987620357634
0.852819807427785 0.947730398899587
0.818431911966988 0.928473177441541
0.823933975240715 0.936726272352132
0.855570839064649 0.96767537826685
0.850756533700138 0.96423658872077
0.834938101788171 0.947042640990371
0.808115543328748 0.932599724896836
0.836313617606602 0.94222833562586
0.872764786795048 0.96423658872077
0.819807427785419 0.940852819807428
0.846629986244842 0.952544704264099
0.848005502063274 0.960797799174691
0.84525447042641 0.951169188445667
0.850068775790922 0.973177441540578
0.821182943603851 0.947042640990371
0.865199449793673 0.956671251719395
0.818431911966988 0.936038514442916
0.850068775790922 0.951169188445667
0.837001375515818 0.948418156808803
0.863823933975241 0.957359009628611
0.863823933975241 0.961485557083906
0.841127922971114 0.955295735900963
0.820495185694636 0.944979367262723
0.83837689133425 0.948418156808803
0.858321870701513 0.956671251719395
0.840440165061898 0.954607977991747
0.83837689133425 0.959422283356259
0.828748280605227 0.954607977991747
0.856946354883081 0.953232462173315
0.87414030261348 0.953920220082531
0.833562585969739 0.949105914718019
0.839064649243466 0.94566712517194
0.834938101788171 0.949793672627235
0.850756533700138 0.950481430536451
0.832874828060523 0.953920220082531
0.83837689133425 0.947042640990371
0.839064649243466 0.950481430536451
0.8707015130674 0.956671251719395
0.81636863823934 0.942916093535076
0.830811554332875 0.947042640990371
0.837001375515818 0.94566712517194
0.875515818431912 0.966987620357634
0.859009628610729 0.961485557083906
0.83837689133425 0.94566712517194
0.852132049518569 0.951856946354883
0.858321870701513 0.962173314993122
0.846629986244842 0.954607977991747
0.832874828060523 0.947042640990371
0.8707015130674 0.952544704264099
0.837001375515818 0.944979367262723
0.833562585969739 0.953920220082531
0.819119669876204 0.93878954607978
0.837689133425034 0.949105914718019
0.843878954607978 0.955295735900963
0.834938101788171 0.946354883081155
0.850068775790922 0.947730398899587
0.826685006877579 0.957359009628611
0.832874828060523 0.952544704264099
0.837689133425034 0.951856946354883
0.844566712517194 0.953920220082531
0.808115543328748 0.9353507565337
0.827372764786795 0.944291609353508
0.863823933975241 0.951856946354883
0.853507565337001 0.958046767537827
0.828060522696011 0.942916093535076
0.837689133425034 0.952544704264099
0.850756533700138 0.961485557083906
0.87757909215956 0.965612104539202
0.839752407152682 0.944291609353508
0.844566712517194 0.94222833562586
0.824621733149931 0.947042640990371
0.856258596973865 0.966299862448418
0.848005502063274 0.956671251719395
0.830811554332875 0.954607977991747
0.822558459422283 0.942916093535076
0.839064649243466 0.948418156808803
0.858321870701513 0.951169188445667
0.845942228335626 0.944979367262723
0.828060522696011 0.940852819807428
0.860385144429161 0.958046767537827
0.863136176066025 0.950481430536451
0.842503438789546 0.958046767537827
0.836313617606602 0.957359009628611
0.851444291609354 0.943603851444292
0.856946354883081 0.96423658872077
0.845942228335626 0.959422283356259
0.822558459422283 0.943603851444292
0.847317744154058 0.947042640990371
0.852132049518569 0.953232462173315
0.843878954607978 0.947730398899587
0.856258596973865 0.955295735900963
0.847317744154058 0.955983493810179
0.839752407152682 0.951169188445667
0.839064649243466 0.943603851444292
0.862448418156809 0.956671251719395
0.824621733149931 0.944291609353508
0.837001375515818 0.952544704264099
0.869325997248968 0.966299862448418
0.824621733149931 0.943603851444292
0.829436038514443 0.953232462173315
0.863823933975241 0.955983493810179
0.812242090784044 0.947730398899587
0.856258596973865 0.958046767537827
0.806740027510316 0.931224209078404
0.833562585969739 0.949105914718019
0.847317744154058 0.955295735900963
0.839752407152682 0.948418156808803
0.834938101788171 0.941540577716644
0.837001375515818 0.957359009628611
0.872764786795048 0.964924346629986
0.851444291609354 0.951169188445667
0.840440165061898 0.952544704264099
0.843191196698762 0.949793672627235
0.852819807427785 0.949105914718019
0.848005502063274 0.946354883081155
0.83837689133425 0.952544704264099
0.843191196698762 0.956671251719395
0.865199449793673 0.958734525447043
0.862448418156809 0.960110041265475
0.837001375515818 0.961485557083906
0.865199449793673 0.962173314993122
0.801237964236589 0.929848693259972
0.837001375515818 0.955983493810179
0.847317744154058 0.948418156808803
0.827372764786795 0.940165061898212
0.823246217331499 0.950481430536451
0.852819807427785 0.958046767537827
0.822558459422283 0.944291609353508
0.857634112792297 0.952544704264099
0.841127922971114 0.950481430536451
0.839752407152682 0.949793672627235
0.837689133425034 0.954607977991747
0.839752407152682 0.950481430536451
0.832874828060523 0.949105914718019
0.846629986244842 0.954607977991747
0.849381017881706 0.962861072902338
0.860385144429161 0.950481430536451
0.823933975240715 0.949793672627235
0.842503438789546 0.951169188445667
0.824621733149931 0.949793672627235
0.839752407152682 0.944979367262723
0.84869325997249 0.962173314993122
0.835625859697387 0.951856946354883
0.826685006877579 0.953232462173315
0.830811554332875 0.951169188445667
0.834938101788171 0.946354883081155
0.853507565337001 0.955295735900963
0.854195323246217 0.955983493810179
0.803301237964237 0.932599724896836
0.856258596973865 0.960110041265475
0.835625859697387 0.958734525447043
0.854195323246217 0.958734525447043
0.862448418156809 0.949105914718019
0.848005502063274 0.957359009628611
0.831499312242091 0.952544704264099
0.850068775790922 0.952544704264099
0.852132049518569 0.951169188445667
0.864511691884457 0.962861072902338
0.860385144429161 0.954607977991747
0.848005502063274 0.947042640990371
0.828748280605227 0.93878954607978
0.866574965612105 0.950481430536451
0.819807427785419 0.943603851444292
0.83837689133425 0.94566712517194
0.848005502063274 0.949105914718019
0.833562585969739 0.946354883081155
0.873452544704264 0.961485557083906
0.814305364511692 0.936038514442916
0.852819807427785 0.961485557083906
0.835625859697387 0.947042640990371
0.851444291609354 0.955983493810179
0.861760660247593 0.960797799174691
0.863823933975241 0.953232462173315
0.851444291609354 0.954607977991747
0.839064649243466 0.955295735900963
0.81636863823934 0.942916093535076
0.844566712517194 0.962861072902338
0.815680880330124 0.94566712517194
0.859009628610729 0.956671251719395
0.839064649243466 0.947730398899587
0.827372764786795 0.94222833562586
0.859009628610729 0.955295735900963
0.851444291609354 0.947730398899587
0.835625859697387 0.950481430536451
0.842503438789546 0.948418156808803
0.814993122420908 0.943603851444292
0.837689133425034 0.950481430536451
0.832187070151307 0.954607977991747
0.818431911966988 0.936038514442916
0.831499312242091 0.94566712517194
0.855570839064649 0.958734525447043
0.835625859697387 0.955295735900963
0.866574965612105 0.953232462173315
0.832874828060523 0.948418156808803
0.855570839064649 0.947042640990371
0.830123796423659 0.944979367262723
0.820495185694636 0.940852819807428
0.844566712517194 0.958734525447043
0.834250343878955 0.955983493810179
0.854195323246217 0.955295735900963
0.832874828060523 0.950481430536451
0.83837689133425 0.951169188445667
0.847317744154058 0.955295735900963
0.843878954607978 0.952544704264099
0.819119669876204 0.950481430536451
0.845942228335626 0.954607977991747
0.854195323246217 0.953232462173315
0.863823933975241 0.951169188445667
0.850756533700138 0.951169188445667
0.857634112792297 0.955295735900963
0.845942228335626 0.947042640990371
0.854195323246217 0.952544704264099
0.836313617606602 0.942916093535076
0.852132049518569 0.955295735900963
0.84181568088033 0.947730398899587
0.832187070151307 0.940852819807428
0.855570839064649 0.955983493810179
0.84181568088033 0.943603851444292
0.844566712517194 0.953232462173315
0.834250343878955 0.950481430536451
0.857634112792297 0.958046767537827
0.854195323246217 0.951856946354883
0.845942228335626 0.946354883081155
0.830811554332875 0.94566712517194
0.828748280605227 0.93191196698762
0.854883081155433 0.953232462173315
0.824621733149931 0.944291609353508
0.831499312242091 0.946354883081155
0.826685006877579 0.931224209078404
0.847317744154058 0.953232462173315
0.837001375515818 0.960110041265475
0.851444291609354 0.955983493810179
0.810178817056396 0.944291609353508
0.815680880330124 0.948418156808803
0.857634112792297 0.958046767537827
0.834250343878955 0.950481430536451
0.836313617606602 0.947042640990371
0.836313617606602 0.940852819807428
0.839752407152682 0.951169188445667
0.839064649243466 0.951169188445667
0.824621733149931 0.951169188445667
0.883081155433287 0.960797799174691
0.823246217331499 0.949793672627235
0.829436038514443 0.94222833562586
0.834938101788171 0.944979367262723
0.84869325997249 0.952544704264099
0.837001375515818 0.949105914718019
0.805364511691884 0.944291609353508
0.826685006877579 0.94566712517194
0.854195323246217 0.963548830811554
0.831499312242091 0.937414030261348
0.814993122420908 0.94222833562586
0.856946354883081 0.952544704264099
0.856946354883081 0.956671251719395
0.814993122420908 0.951856946354883
0.825309491059147 0.947730398899587
0.854195323246217 0.952544704264099
0.851444291609354 0.954607977991747
0.832187070151307 0.947042640990371
0.825997248968363 0.947730398899587
0.863823933975241 0.954607977991747
0.837001375515818 0.951169188445667
0.843878954607978 0.954607977991747
0.833562585969739 0.947042640990371
0.832874828060523 0.951856946354883
0.801925722145805 0.938101788170564
0.825997248968363 0.938101788170564
0.849381017881706 0.962173314993122
0.786107290233838 0.927785419532325
0.832874828060523 0.944979367262723
0.836313617606602 0.951169188445667
0.80949105914718 0.940165061898212
0.854195323246217 0.961485557083906
0.844566712517194 0.955295735900963
0.859009628610729 0.947730398899587
0.850756533700138 0.963548830811554
0.83837689133425 0.953232462173315
0.834938101788171 0.953920220082531
0.825309491059147 0.944291609353508
0.828748280605227 0.94566712517194
0.833562585969739 0.940165061898212
0.843191196698762 0.959422283356259
0.839064649243466 0.956671251719395
0.802613480055021 0.938101788170564
0.861760660247593 0.957359009628611
0.835625859697387 0.94566712517194
0.834250343878955 0.958046767537827
0.850068775790922 0.955983493810179
0.834250343878955 0.938101788170564
0.865887207702889 0.960797799174691
0.836313617606602 0.956671251719395
0.828748280605227 0.946354883081155
0.856258596973865 0.959422283356259
0.853507565337001 0.956671251719395
0.825997248968363 0.944979367262723
0.86726272352132 0.959422283356259
0.852132049518569 0.962861072902338
0.846629986244842 0.941540577716644
0.861760660247593 0.949105914718019
0.839752407152682 0.943603851444292
0.850756533700138 0.955295735900963
0.863823933975241 0.963548830811554
0.84525447042641 0.949793672627235
0.81636863823934 0.939477303988996
0.840440165061898 0.956671251719395
0.837689133425034 0.948418156808803
0.841127922971114 0.958046767537827
0.867950481430536 0.961485557083906
0.87414030261348 0.963548830811554
0.829436038514443 0.951856946354883
0.854883081155433 0.950481430536451
0.854195323246217 0.954607977991747
0.861072902338377 0.962861072902338
0.855570839064649 0.964924346629986
0.84181568088033 0.960797799174691
0.866574965612105 0.96767537826685
0.828060522696011 0.93878954607978
0.842503438789546 0.94566712517194
0.832874828060523 0.949105914718019
0.848005502063274 0.953920220082531
0.843878954607978 0.955295735900963
0.833562585969739 0.947042640990371
0.84525447042641 0.953232462173315
0.825997248968363 0.954607977991747
0.846629986244842 0.962861072902338
0.863823933975241 0.968363136176066
0.819119669876204 0.950481430536451
0.831499312242091 0.942916093535076
0.828748280605227 0.943603851444292
0.850068775790922 0.953232462173315
0.865887207702889 0.953920220082531
0.849381017881706 0.950481430536451
0.843878954607978 0.949793672627235
0.84869325997249 0.955983493810179
0.849381017881706 0.960110041265475
0.875515818431912 0.962861072902338
0.828748280605227 0.938101788170564
0.867950481430536 0.959422283356259
0.84869325997249 0.949105914718019
0.84525447042641 0.942916093535076
0.828748280605227 0.94566712517194
0.825309491059147 0.93878954607978
0.863136176066025 0.958734525447043
0.806740027510316 0.942916093535076
0.835625859697387 0.949793672627235
0.837001375515818 0.952544704264099
0.837689133425034 0.949793672627235
0.878266850068776 0.964924346629986
0.804676753782668 0.938101788170564
0.832187070151307 0.942916093535076
0.833562585969739 0.948418156808803
0.868638239339752 0.953232462173315
0.825997248968363 0.951169188445667
0.857634112792297 0.953920220082531
0.843878954607978 0.942916093535076
0.837689133425034 0.953232462173315
0.825309491059147 0.951169188445667
0.856946354883081 0.953920220082531
0.823246217331499 0.938101788170564
0.847317744154058 0.947730398899587
0.854883081155433 0.960110041265475
0.821870701513067 0.949793672627235
0.831499312242091 0.953920220082531
0.834938101788171 0.941540577716644
0.846629986244842 0.947730398899587
0.865887207702889 0.949793672627235
0.882393397524072 0.961485557083906
0.850068775790922 0.961485557083906
0.840440165061898 0.954607977991747
0.841127922971114 0.958734525447043
0.848005502063274 0.953920220082531
0.849381017881706 0.953920220082531
0.819807427785419 0.9353507565337
0.853507565337001 0.956671251719395
0.847317744154058 0.952544704264099
0.864511691884457 0.962173314993122
0.825997248968363 0.939477303988996
0.868638239339752 0.964924346629986
0.866574965612105 0.959422283356259
0.87414030261348 0.962861072902338
0.887207702888583 0.968363136176066
0.817744154057772 0.932599724896836
0.839064649243466 0.951856946354883
0.843878954607978 0.953920220082531
0.837689133425034 0.952544704264099
0.847317744154058 0.951856946354883
0.839064649243466 0.949105914718019
0.851444291609354 0.960110041265475
