0.777854195323246 0.933287482806052
0.861760660247593 0.957359009628611
0.847317744154058 0.955295735900963
0.822558459422283 0.939477303988996
0.866574965612105 0.956671251719395
0.867950481430536 0.958734525447043
0.846629986244842 0.953232462173315
0.873452544704264 0.96423658872077
0.826685006877579 0.951169188445667
0.858321870701513 0.956671251719395
0.83837689133425 0.954607977991747
0.859697386519945 0.94566712517194
0.858321870701513 0.958734525447043
0.80949105914718 0.927785419532325
0.860385144429161 0.958734525447043
0.843878954607978 0.955983493810179
0.833562585969739 0.94566712517194
0.878954607977992 0.955295735900963
0.849381017881706 0.949793672627235
0.830811554332875 0.947042640990371
0.84869325997249 0.954607977991747
0.846629986244842 0.96423658872077
0.823246217331499 0.947042640990371
0.834938101788171 0.94222833562586
0.855570839064649 0.96423658872077
0.819119669876204 0.927785419532325
0.831499312242091 0.942916093535076
0.826685006877579 0.947042640990371
0.825997248968363 0.951169188445667
0.827372764786795 0.947730398899587
0.819119669876204 0.952544704264099
0.813617606602476 0.949793672627235
0.849381017881706 0.958734525447043
0.829436038514443 0.946354883081155
0.827372764786795 0.949105914718019
0.84181568088033 0.944979367262723
0.855570839064649 0.955983493810179
0.889270976616231 0.963548830811554
0.843191196698762 0.949793672627235
0.826685006877579 0.953232462173315
0.860385144429161 0.952544704264099
0.834938101788171 0.949793672627235
0.855570839064649 0.972489683631362
0.837689133425034 0.947730398899587
0.87414030261348 0.963548830811554
0.839064649243466 0.938101788170564
0.839064649243466 0.955295735900963
0.856258596973865 0.953920220082531
0.847317744154058 0.958046767537827
0.839752407152682 0.948418156808803
0.847317744154058 0.958734525447043
0.825997248968363 0.955983493810179
0.830811554332875 0.952544704264099
0.861072902338377 0.954607977991747
0.836313617606602 0.952544704264099
0.850756533700138 0.958046767537827
0.818431911966988 0.949105914718019
0.875515818431912 0.977303988995873
0.844566712517194 0.942916093535076
0.856946354883081 0.958734525447043
0.849381017881706 0.953920220082531
0.861072902338377 0.969738651994498
0.854883081155433 0.953920220082531
0.842503438789546 0.959422283356259
0.808115543328748 0.940165061898212
0.865199449793673 0.958046767537827
0.852819807427785 0.958046767537827
0.832187070151307 0.941540577716644
0.874828060522696 0.957359009628611
0.860385144429161 0.953920220082531
0.865887207702889 0.961485557083906
0.846629986244842 0.962173314993122
0.87757909215956 0.962861072902338
0.839064649243466 0.957359009628611
0.831499312242091 0.94566712517194
0.851444291609354 0.953232462173315
0.830123796423659 0.944291609353508
0.884456671251719 0.96767537826685
0.850756533700138 0.953232462173315
0.860385144429161 0.959422283356259
0.837001375515818 0.958046767537827
0.817056396148556 0.93191196698762
0.823933975240715 0.940852819807428
0.859697386519945 0.957359009628611
0.856946354883081 0.950481430536451
0.872764786795048 0.957359009628611
0.887895460797799 0.965612104539202
0.849381017881706 0.951169188445667
0.870013755158184 0.962173314993122
0.832187070151307 0.944979367262723
0.856946354883081 0.956671251719395
0.852132049518569 0.96423658872077
0.818431911966988 0.942916093535076
0.825997248968363 0.947730398899587
0.854883081155433 0.949105914718019
0.84181568088033 0.955295735900963
0.858321870701513 0.961485557083906
0.833562585969739 0.941540577716644
0.845942228335626 0.944291609353508
0.824621733149931 0.955295735900963
0.846629986244842 0.958046767537827
0.834938101788171 0.951169188445667
0.831499312242091 0.949105914718019
0.861072902338377 0.962173314993122
0.859697386519945 0.951856946354883
0.856258596973865 0.951169188445667
0.832874828060523 0.938101788170564
0.846629986244842 0.955295735900963
0.844566712517194 0.949793672627235
0.84869325997249 0.953920220082531
0.852819807427785 0.958046767537827
0.830811554332875 0.950481430536451
0.812242090784044 0.94222833562586
0.825997248968363 0.953232462173315
0.814993122420908 0.948418156808803
0.851444291609354 0.958734525447043
0.853507565337001 0.952544704264099
0.860385144429161 0.94566712517194
0.850756533700138 0.947730398899587
0.844566712517194 0.947042640990371
0.836313617606602 0.953232462173315
0.830123796423659 0.951856946354883
0.857634112792297 0.959422283356259
0.826685006877579 0.951169188445667
0.836313617606602 0.944291609353508
0.849381017881706 0.96423658872077
0.825997248968363 0.950481430536451
0.862448418156809 0.960110041265475
0.852819807427785 0.952544704264099
0.857634112792297 0.955295735900963
0.846629986244842 0.962173314993122
0.823246217331499 0.94566712517194
0.861760660247593 0.962173314993122
0.839752407152682 0.953920220082531
0.849381017881706 0.963548830811554
0.863823933975241 0.957359009628611
0.846629986244842 0.94566712517194
0.817744154057772 0.940852819807428
0.864511691884457 0.958046767537827
0.83837689133425 0.944979367262723
0.835625859697387 0.948418156808803
0.875515818431912 0.962173314993122
0.810178817056396 0.936038514442916
0.840440165061898 0.949793672627235
0.841127922971114 0.947730398899587
0.856258596973865 0.953232462173315
0.837001375515818 0.958046767537827
0.863136176066025 0.955983493810179
0.836313617606602 0.942916093535076
0.851444291609354 0.948418156808803
0.852819807427785 0.960797799174691
0.805364511691884 0.937414030261348
0.821182943603851 0.946354883081155
0.869325997248968 0.958734525447043
0.837001375515818 0.947042640990371
0.829436038514443 0.944979367262723
0.841127922971114 0.947042640990371
0.868638239339752 0.953920220082531
0.833562585969739 0.94566712517194
0.832874828060523 0.954607977991747
0.844566712517194 0.954607977991747
0.86726272352132 0.962861072902338
0.797799174690509 0.941540577716644
0.839752407152682 0.956671251719395
0.848005502063274 0.954607977991747
0.850068775790922 0.955295735900963
0.865887207702889 0.965612104539202
0.861760660247593 0.958046767537827
0.831499312242091 0.949105914718019
0.826685006877579 0.94222833562586
0.843191196698762 0.952544704264099
0.810178817056396 0.940852819807428
0.848005502063274 0.954607977991747
0.84525447042641 0.952544704264099
0.855570839064649 0.952544704264099
0.821182943603851 0.949793672627235
0.847317744154058 0.960110041265475
0.834938101788171 0.955295735900963
0.826685006877579 0.93878954607978
0.837689133425034 0.956671251719395
0.855570839064649 0.955295735900963
0.845942228335626 0.949793672627235
0.839064649243466 0.94566712517194
0.850756533700138 0.957359009628611
0.860385144429161 0.957359009628611
0.813617606602476 0.94222833562586
0.831499312242091 0.949793672627235
0.81292984869326 0.942916093535076
0.843878954607978 0.957359009628611
0.835625859697387 0.950481430536451
0.819807427785419 0.934662998624484
0.840440165061898 0.949105914718019
0.840440165061898 0.951169188445667
0.850756533700138 0.951856946354883
0.839064649243466 0.949105914718019
0.84181568088033 0.954607977991747
0.849381017881706 0.960797799174691
0.850068775790922 0.949793672627235
0.799174690508941 0.941540577716644
0.834250343878955 0.947730398899587
0.832187070151307 0.951169188445667
0.842503438789546 0.956671251719395
0.830811554332875 0.948418156808803
0.851444291609354 0.938101788170564
0.813617606602476 0.951856946354883
0.834938101788171 0.947042640990371
0.8707015130674 0.965612104539202
0.855570839064649 0.953920220082531
0.799862448418157 0.944291609353508
0.851444291609354 0.944979367262723
0.850756533700138 0.957359009628611
0.846629986244842 0.949105914718019
0.834938101788171 0.943603851444292
0.830811554332875 0.947042640990371
0.850068775790922 0.961485557083906
0.839064649243466 0.962861072902338
0.868638239339752 0.966987620357634
0.853507565337001 0.960797799174691
0.833562585969739 0.957359009628611
0.821870701513067 0.93191196698762
0.840440165061898 0.948418156808803
0.863136176066025 0.958734525447043
0.855570839064649 0.962173314993122
0.821182943603851 0.938101788170564
0.834938101788171 0.947042640990371
0.846629986244842 0.953232462173315
0.823933975240715 0.940165061898212
0.837689133425034 0.953920220082531
0.841127922971114 0.944291609353508
0.844566712517194 0.950481430536451
0.832187070151307 0.946354883081155
0.820495185694636 0.951169188445667
0.84525447042641 0.942916093535076
0.835625859697387 0.950481430536451
0.834250343878955 0.953232462173315
0.841127922971114 0.954607977991747
0.843878954607978 0.947042640990371
0.828060522696011 0.941540577716644
0.874828060522696 0.960797799174691
0.817744154057772 0.9353507565337
0.834250343878955 0.952544704264099
0.835625859697387 0.943603851444292
0.861760660247593 0.954607977991747
0.842503438789546 0.954607977991747
0.817056396148556 0.940852819807428
0.850068775790922 0.949105914718019
0.850756533700138 0.951169188445667
0.833562585969739 0.941540577716644
0.833562585969739 0.940852819807428
0.852132049518569 0.955295735900963
0.828748280605227 0.94566712517194
0.87414030261348 0.96423658872077
0.801237964236589 0.93878954607978
0.851444291609354 0.961485557083906
0.861760660247593 0.957359009628611
0.861072902338377 0.958734525447043
0.842503438789546 0.944979367262723
0.863823933975241 0.954607977991747
0.850068775790922 0.959422283356259
0.843191196698762 0.962861072902338
0.844566712517194 0.960797799174691
0.870013755158184 0.963548830811554
0.832187070151307 0.954607977991747
0.850756533700138 0.954607977991747
0.828060522696011 0.946354883081155
0.824621733149931 0.94222833562586
0.824621733149931 0.944291609353508
0.837689133425034 0.94222833562586
0.837001375515818 0.936726272352132
0.824621733149931 0.940165061898212
0.821182943603851 0.958046767537827
0.830811554332875 0.940852819807428
0.830811554332875 0.944291609353508
0.847317744154058 0.950481430536451
0.84525447042641 0.954607977991747
0.841127922971114 0.953232462173315
0.837689133425034 0.952544704264099
0.829436038514443 0.951856946354883
0.830123796423659 0.942916093535076
0.844566712517194 0.966987620357634
0.841127922971114 0.960110041265475
0.83837689133425 0.946354883081155
0.830123796423659 0.953920220082531
0.850756533700138 0.948418156808803
0.839752407152682 0.946354883081155
0.859009628610729 0.956671251719395
0.848005502063274 0.958046767537827
0.850756533700138 0.954607977991747
0.814993122420908 0.940852819807428
0.840440165061898 0.950481430536451
0.828060522696011 0.947042640990371
0.820495185694636 0.94222833562586
0.830123796423659 0.947730398899587
0.863823933975241 0.960797799174691
0.865887207702889 0.951856946354883
0.885832187070151 0.969738651994498
0.847317744154058 0.960110041265475
0.802613480055021 0.9353507565337
0.839752407152682 0.949793672627235
0.852819807427785 0.958046767537827
0.829436038514443 0.948418156808803
0.854883081155433 0.953920220082531
0.847317744154058 0.949105914718019
0.807427785419532 0.942916093535076
0.821870701513067 0.951169188445667
0.827372764786795 0.929848693259972
0.831499312242091 0.951169188445667
0.856258596973865 0.950481430536451
0.850756533700138 0.959422283356259
0.837689133425034 0.952544704264099
0.814305364511692 0.940852819807428
0.831499312242091 0.948418156808803
0.855570839064649 0.966987620357634
0.828748280605227 0.956671251719395
0.844566712517194 0.950481430536451
0.855570839064649 0.962861072902338
0.810178817056396 0.932599724896836
0.832187070151307 0.953232462173315
0.828060522696011 0.940165061898212
0.834250343878955 0.955295735900963
0.839064649243466 0.946354883081155
0.820495185694636 0.936726272352132
0.844566712517194 0.94222833562586
0.855570839064649 0.952544704264099
0.835625859697387 0.94566712517194
0.844566712517194 0.942916093535076
0.866574965612105 0.960797799174691
0.829436038514443 0.944979367262723
0.862448418156809 0.962173314993122
0.835625859697387 0.948418156808803
0.837689133425034 0.948418156808803
0.850756533700138 0.947042640990371
0.837001375515818 0.952544704264099
0.850756533700138 0.952544704264099
0.823933975240715 0.940165061898212
0.874828060522696 0.954607977991747
0.86726272352132 0.957359009628611
0.823933975240715 0.941540577716644
0.844566712517194 0.950481430536451
0.851444291609354 0.953232462173315
0.839064649243466 0.947730398899587
0.880330123796424 0.955983493810179
0.837001375515818 0.947042640990371
0.847317744154058 0.957359009628611
0.840440165061898 0.9353507565337
0.83837689133425 0.950481430536451
0.824621733149931 0.941540577716644
0.834250343878955 0.961485557083906
0.824621733149931 0.944291609353508
0.812242090784044 0.946354883081155
0.843191196698762 0.958734525447043
0.839064649243466 0.953232462173315
0.832874828060523 0.950481430536451
0.827372764786795 0.946354883081155
0.869325997248968 0.953920220082531
0.826685006877579 0.946354883081155
0.83837689133425 0.944979367262723
0.897524071526823 0.968363136176066
0.854883081155433 0.958734525447043
0.84525447042641 0.946354883081155
0.850756533700138 0.953232462173315
0.852819807427785 0.961485557083906
0.844566712517194 0.960110041265475
0.843191196698762 0.958734525447043
0.799862448418157 0.932599724896836
0.851444291609354 0.953232462173315
0.859009628610729 0.963548830811554
0.830123796423659 0.947042640990371
0.863823933975241 0.965612104539202
0.844566712517194 0.94566712517194
0.815680880330124 0.950481430536451
0.839752407152682 0.957359009628611
0.81636863823934 0.940852819807428
0.859009628610729 0.955295735900963
0.84869325997249 0.958046767537827
0.840440165061898 0.951856946354883
0.854195323246217 0.956671251719395
0.827372764786795 0.9353507565337
0.856946354883081 0.947042640990371
0.839064649243466 0.958046767537827
0.84181568088033 0.951169188445667
0.854195323246217 0.953920220082531
0.818431911966988 0.949793672627235
0.84181568088033 0.954607977991747
0.856258596973865 0.963548830811554
0.840440165061898 0.957359009628611
0.825309491059147 0.942916093535076
0.865887207702889 0.953232462173315
0.844566712517194 0.951856946354883
0.845942228335626 0.960110041265475
0.840440165061898 0.951169188445667
0.832874828060523 0.941540577716644
0.865199449793673 0.966299862448418
0.843191196698762 0.954607977991747
0.834938101788171 0.951169188445667
0.84181568088033 0.955295735900963
0.827372764786795 0.949105914718019
0.850756533700138 0.960110041265475
0.871389270976616 0.955983493810179
0.852132049518569 0.955295735900963
0.841127922971114 0.949793672627235
0.815680880330124 0.952544704264099
0.853507565337001 0.951169188445667
0.847317744154058 0.960797799174691
0.849381017881706 0.947730398899587
0.856946354883081 0.957359009628611
0.854195323246217 0.957359009628611
0.821182943603851 0.937414030261348
0.812242090784044 0.943603851444292
0.832874828060523 0.94222833562586
0.819807427785419 0.944979367262723
0.821870701513067 0.942916093535076
0.847317744154058 0.949793672627235
0.833562585969739 0.938101788170564
0.821182943603851 0.938101788170564
0.837001375515818 0.944979367262723
0.836313617606602 0.940165061898212
0.851444291609354 0.952544704264099
0.859009628610729 0.958734525447043
0.842503438789546 0.954607977991747
0.84869325997249 0.953232462173315
0.865887207702889 0.955983493810179
0.818431911966988 0.944979367262723
0.821182943603851 0.951169188445667
0.866574965612105 0.969738651994498
0.822558459422283 0.947042640990371
0.852132049518569 0.947730398899587
0.830123796423659 0.944291609353508
0.834250343878955 0.954607977991747
0.832187070151307 0.949793672627235
0.849381017881706 0.954607977991747
0.847317744154058 0.955295735900963
0.830123796423659 0.944979367262723
0.854883081155433 0.955295735900963
0.823933975240715 0.948418156808803
0.830811554332875 0.94222833562586
0.836313617606602 0.940852819807428
0.842503438789546 0.946354883081155
0.828060522696011 0.951169188445667
0.837001375515818 0.943603851444292
0.822558459422283 0.933975240715268
0.856258596973865 0.951169188445667
0.84869325997249 0.947730398899587
0.847317744154058 0.955983493810179
0.823246217331499 0.944291609353508
0.84525447042641 0.949793672627235
0.826685006877579 0.940852819807428
0.865887207702889 0.962861072902338
0.835625859697387 0.946354883081155
0.821870701513067 0.949105914718019
0.836313617606602 0.949793672627235
0.823933975240715 0.937414030261348
0.850068775790922 0.953920220082531
0.848005502063274 0.954607977991747
0.854883081155433 0.962861072902338
0.84181568088033 0.948418156808803
0.855570839064649 0.954607977991747
0.823933975240715 0.955295735900963
0.833562585969739 0.939477303988996
0.84869325997249 0.947730398899587
0.869325997248968 0.958734525447043
0.841127922971114 0.951169188445667
0.84181568088033 0.955295735900963
0.84869325997249 0.960797799174691
0.852819807427785 0.959422283356259
0.87414030261348 0.961485557083906
0.844566712517194 0.955983493810179
0.839064649243466 0.950481430536451
0.828748280605227 0.952544704264099
0.850068775790922 0.958734525447043
0.827372764786795 0.958046767537827
0.860385144429161 0.947042640990371
0.844566712517194 0.949105914718019
0.843878954607978 0.947730398899587
0.828748280605227 0.940852819807428
0.844566712517194 0.947042640990371
0.854195323246217 0.958046767537827
0.826685006877579 0.954607977991747
0.863823933975241 0.958046767537827
0.806740027510316 0.949793672627235
0.860385144429161 0.959422283356259
0.844566712517194 0.947042640990371
0.834250343878955 0.939477303988996
0.807427785419532 0.94566712517194
0.848005502063274 0.956671251719395
0.858321870701513 0.955295735900963
0.839064649243466 0.958046767537827
0.835625859697387 0.951169188445667
0.853507565337001 0.960110041265475
0.823933975240715 0.965612104539202
0.833562585969739 0.939477303988996
0.841127922971114 0.953232462173315
0.848005502063274 0.961485557083906
0.83837689133425 0.944979367262723
0.859697386519945 0.953920220082531
0.823933975240715 0.949105914718019
0.824621733149931 0.940852819807428
0.847317744154058 0.953920220082531
0.855570839064649 0.953232462173315
0.853507565337001 0.953920220082531
0.847317744154058 0.944291609353508
0.825309491059147 0.944291609353508
0.84181568088033 0.957359009628611
0.853507565337001 0.959422283356259
0.843878954607978 0.948418156808803
0.84525447042641 0.959422283356259
0.778541953232462 0.9353507565337
0.856258596973865 0.955983493810179
0.858321870701513 0.969050894085282
0.830123796423659 0.956671251719395
0.866574965612105 0.956671251719395
0.86726272352132 0.953920220082531
0.825997248968363 0.943603851444292
0.834250343878955 0.956671251719395
0.854883081155433 0.949105914718019
0.842503438789546 0.949105914718019
0.845942228335626 0.949105914718019
0.839064649243466 0.940165061898212
0.827372764786795 0.951856946354883
0.819119669876204 0.941540577716644
0.845942228335626 0.952544704264099
0.852132049518569 0.958734525447043
0.863136176066025 0.951169188445667
0.854195323246217 0.951169188445667
0.815680880330124 0.9353507565337
0.837001375515818 0.952544704264099
0.828060522696011 0.951856946354883
0.868638239339752 0.96767537826685
0.866574965612105 0.958046767537827
0.843878954607978 0.955295735900963
0.865887207702889 0.960797799174691
0.851444291609354 0.949793672627235
0.821182943603851 0.946354883081155
0.853507565337001 0.953920220082531
0.850068775790922 0.955295735900963
0.867950481430536 0.961485557083906
0.856946354883081 0.957359009628611
0.84869325997249 0.958046767537827
0.832187070151307 0.947730398899587
0.832874828060523 0.94222833562586
0.84869325997249 0.953232462173315
0.851444291609354 0.953232462173315
0.850068775790922 0.947042640990371
0.830123796423659 0.949105914718019
0.861072902338377 0.969050894085282
0.84181568088033 0.949105914718019
0.880330123796424 0.97111416781293
0.852819807427785 0.950481430536451
0.861760660247593 0.964924346629986
0.84869325997249 0.957359009628611
0.81636863823934 0.933975240715268
0.83837689133425 0.953920220082531
0.853507565337001 0.960797799174691
0.830811554332875 0.950481430536451
0.839064649243466 0.951169188445667
0.866574965612105 0.961485557083906
0.819807427785419 0.948418156808803
0.861760660247593 0.953232462173315
0.825997248968363 0.944979367262723
0.83837689133425 0.942916093535076
0.830811554332875 0.954607977991747
0.862448418156809 0.960797799174691
0.815680880330124 0.94222833562586
0.84525447042641 0.947730398899587
0.842503438789546 0.953920220082531
0.851444291609354 0.955295735900963
0.81636863823934 0.947042640990371
0.821182943603851 0.947730398899587
0.857634112792297 0.960110041265475
0.849381017881706 0.953920220082531
0.845942228335626 0.951169188445667
0.826685006877579 0.940165061898212
0.84525447042641 0.955983493810179
0.821182943603851 0.949793672627235
0.851444291609354 0.957359009628611
0.821182943603851 0.942916093535076
0.866574965612105 0.951856946354883
0.859697386519945 0.961485557083906
0.847317744154058 0.948418156808803
0.856946354883081 0.948418156808803
0.830123796423659 0.93191196698762
0.861760660247593 0.955983493810179
0.851444291609354 0.953232462173315
0.817056396148556 0.93878954607978
0.84525447042641 0.951856946354883
0.841127922971114 0.949793672627235
0.829436038514443 0.957359009628611
0.841127922971114 0.958734525447043
0.830123796423659 0.947042640990371
0.837001375515818 0.955295735900963
0.824621733149931 0.943603851444292
0.868638239339752 0.956671251719395
0.863823933975241 0.958046767537827
0.844566712517194 0.953232462173315
0.850068775790922 0.951856946354883
0.856258596973865 0.951856946354883
0.862448418156809 0.964924346629986
0.819119669876204 0.947042640990371
0.842503438789546 0.968363136176066
0.834938101788171 0.947042640990371
0.819119669876204 0.936726272352132
0.839752407152682 0.955983493810179
0.839752407152682 0.949105914718019
0.853507565337001 0.948418156808803
0.854195323246217 0.951169188445667
0.820495185694636 0.947730398899587
0.860385144429161 0.966987620357634
0.825309491059147 0.939477303988996
0.834938101788171 0.947042640990371
0.830123796423659 0.94566712517194
0.854883081155433 0.952544704264099
0.844566712517194 0.953920220082531
0.823933975240715 0.939477303988996
0.843191196698762 0.94566712517194
0.859009628610729 0.961485557083906
0.858321870701513 0.959422283356259
0.856946354883081 0.96767537826685
0.856946354883081 0.949793672627235
0.856258596973865 0.96767537826685
0.831499312242091 0.93191196698762
0.846629986244842 0.953920220082531
0.818431911966988 0.94222833562586
0.817744154057772 0.948418156808803
0.870013755158184 0.956671251719395
0.845942228335626 0.943603851444292
0.834250343878955 0.948418156808803
0.836313617606602 0.949793672627235
0.850068775790922 0.940852819807428
0.824621733149931 0.946354883081155
0.835625859697387 0.93878954607978
0.84181568088033 0.939477303988996
0.863823933975241 0.957359009628611
0.847317744154058 0.955983493810179
0.851444291609354 0.957359009628611
0.843191196698762 0.956671251719395
0.830123796423659 0.940852819807428
0.848005502063274 0.958734525447043
0.828748280605227 0.94222833562586
0.857634112792297 0.955983493810179
0.862448418156809 0.960797799174691
0.832187070151307 0.944979367262723
0.837689133425034 0.944979367262723
0.853507565337001 0.958046767537827
0.822558459422283 0.947730398899587
0.849381017881706 0.955983493810179
0.843191196698762 0.951169188445667
0.832187070151307 0.942916093535076
0.86726272352132 0.960797799174691
0.859697386519945 0.954607977991747
0.832874828060523 0.944979367262723
0.832187070151307 0.952544704264099
0.819807427785419 0.936038514442916
0.843191196698762 0.954607977991747
0.869325997248968 0.96767537826685
0.841127922971114 0.953920220082531
0.799174690508941 0.936726272352132
0.837689133425034 0.953232462173315
0.859009628610729 0.953920220082531
0.839064649243466 0.948418156808803
0.844566712517194 0.958046767537827
0.823246217331499 0.954607977991747
0.846629986244842 0.948418156808803
0.864511691884457 0.955983493810179
0.860385144429161 0.96423658872077
0.889270976616231 0.970426409903714
0.848005502063274 0.959422283356259
0.862448418156809 0.952544704264099
0.790233837689133 0.931224209078404
0.848005502063274 0.953920220082531
0.854195323246217 0.965612104539202
0.854195323246217 0.964924346629986
0.828060522696011 0.944291609353508
0.852132049518569 0.962173314993122
0.84869325997249 0.955295735900963
0.846629986244842 0.961485557083906
0.865199449793673 0.960110041265475
0.836313617606602 0.943603851444292
0.852819807427785 0.961485557083906
0.837689133425034 0.946354883081155
0.835625859697387 0.954607977991747
0.824621733149931 0.953232462173315
0.850068775790922 0.964924346629986
0.849381017881706 0.950481430536451
0.844566712517194 0.955983493810179
0.839752407152682 0.948418156808803
0.882393397524072 0.961485557083906
0.8707015130674 0.955295735900963
0.84869325997249 0.953232462173315
0.827372764786795 0.949105914718019
0.843191196698762 0.949105914718019
0.831499312242091 0.953232462173315
0.859009628610729 0.957359009628611
0.839064649243466 0.942916093535076
0.847317744154058 0.951856946354883
0.846629986244842 0.949105914718019
0.857634112792297 0.960110041265475
0.871389270976616 0.964924346629986
0.855570839064649 0.944979367262723
0.845942228335626 0.950481430536451
0.871389270976616 0.959422283356259
0.861760660247593 0.962861072902338
0.872764786795048 0.960797799174691
0.824621733149931 0.954607977991747
0.843191196698762 0.951856946354883
0.825997248968363 0.960110041265475
0.837001375515818 0.947042640990371
0.839064649243466 0.94222833562586
0.832187070151307 0.953920220082531
0.81636863823934 0.937414030261348
0.840440165061898 0.950481430536451
0.839064649243466 0.947042640990371
0.874828060522696 0.962861072902338
0.852819807427785 0.959422283356259
0.843878954607978 0.940852819807428
0.813617606602476 0.924346629986245
0.844566712517194 0.950481430536451
0.834938101788171 0.953920220082531
0.781980742778542 0.933975240715268
0.817056396148556 0.950481430536451
0.854195323246217 0.956671251719395
0.837001375515818 0.946354883081155
0.830811554332875 0.948418156808803
0.84181568088033 0.944291609353508
0.836313617606602 0.94222833562586
0.871389270976616 0.960797799174691
0.854883081155433 0.965612104539202
0.850068775790922 0.950481430536451
0.828060522696011 0.937414030261348
0.832874828060523 0.94566712517194
0.815680880330124 0.932599724896836
0.839064649243466 0.953232462173315
0.843191196698762 0.946354883081155
0.837001375515818 0.951856946354883
0.828748280605227 0.958734525447043
0.859697386519945 0.955983493810179
0.858321870701513 0.956671251719395
0.845942228335626 0.96423658872077
0.825309491059147 0.952544704264099
0.863136176066025 0.970426409903714
0.83837689133425 0.94222833562586
0.88101788170564 0.96423658872077
0.841127922971114 0.944979367262723
0.849381017881706 0.958734525447043
0.859697386519945 0.96423658872077
0.819119669876204 0.947730398899587
0.845942228335626 0.958734525447043
0.854195323246217 0.960110041265475
0.859697386519945 0.957359009628611
0.832187070151307 0.951856946354883
0.846629986244842 0.94566712517194
0.825997248968363 0.940852819807428
0.835625859697387 0.953232462173315
0.86726272352132 0.956671251719395
0.861072902338377 0.960110041265475
0.859009628610729 0.953232462173315
0.844566712517194 0.950481430536451
0.834938101788171 0.953232462173315
0.854883081155433 0.961485557083906
0.843878954607978 0.954607977991747
0.845942228335626 0.952544704264099
0.856946354883081 0.961485557083906
0.842503438789546 0.947730398899587
0.835625859697387 0.960110041265475
0.882393397524072 0.962173314993122
0.876891334250344 0.962173314993122
0.84181568088033 0.947730398899587
0.866574965612105 0.948418156808803
0.852819807427785 0.951856946354883
0.856258596973865 0.952544704264099
0.865887207702889 0.958734525447043
0.846629986244842 0.946354883081155
0.852132049518569 0.949793672627235
