0.829436038514443 0.951856946354883
0.844566712517194 0.962173314993122
0.86726272352132 0.958046767537827
0.81292984869326 0.946354883081155
0.858321870701513 0.949793672627235
0.869325997248968 0.958046767537827
0.845942228335626 0.951169188445667
0.856258596973865 0.958734525447043
0.830811554332875 0.951856946354883
0.830123796423659 0.956671251719395
0.839752407152682 0.944979367262723
0.854883081155433 0.949105914718019
0.87757909215956 0.970426409903714
0.842503438789546 0.953920220082531
0.840440165061898 0.960797799174691
0.808803301237964 0.943603851444292
0.858321870701513 0.962861072902338
0.830123796423659 0.948418156808803
0.846629986244842 0.944979367262723
0.83837689133425 0.954607977991747
0.835625859697387 0.953232462173315
0.821870701513067 0.946354883081155
0.820495185694636 0.94222833562586
0.84181568088033 0.948418156808803
0.848005502063274 0.950481430536451
0.834938101788171 0.946354883081155
0.839752407152682 0.948418156808803
0.834938101788171 0.949105914718019
0.859009628610729 0.958734525447043
0.84869325997249 0.94566712517194
0.820495185694636 0.932599724896836
0.839064649243466 0.944979367262723
0.852819807427785 0.958046767537827
0.839752407152682 0.953920220082531
0.853507565337001 0.951169188445667
0.84525447042641 0.954607977991747
0.808803301237964 0.938101788170564
0.862448418156809 0.959422283356259
0.837689133425034 0.962173314993122
0.839752407152682 0.960110041265475
0.865887207702889 0.960797799174691
0.863136176066025 0.951169188445667
0.799174690508941 0.937414030261348
0.855570839064649 0.950481430536451
0.843878954607978 0.953232462173315
0.81636863823934 0.943603851444292
0.818431911966988 0.944291609353508
0.881705639614856 0.969050894085282
0.814993122420908 0.948418156808803
0.846629986244842 0.947730398899587
0.833562585969739 0.951169188445667
0.856946354883081 0.954607977991747
0.830123796423659 0.946354883081155
0.849381017881706 0.947730398899587
0.829436038514443 0.954607977991747
0.836313617606602 0.94566712517194
0.834250343878955 0.949793672627235
0.845942228335626 0.955295735900963
0.839752407152682 0.944291609353508
0.850068775790922 0.948418156808803
0.834250343878955 0.953232462173315
0.839752407152682 0.960797799174691
0.828748280605227 0.949105914718019
0.828060522696011 0.951169188445667
0.826685006877579 0.948418156808803
0.847317744154058 0.953920220082531
0.84869325997249 0.958046767537827
0.830123796423659 0.948418156808803
0.829436038514443 0.940852819807428
0.863823933975241 0.966299862448418
0.81636863823934 0.950481430536451
0.854195323246217 0.961485557083906
0.843191196698762 0.955983493810179
0.836313617606602 0.94222833562586
0.849381017881706 0.951169188445667
0.839752407152682 0.953232462173315
0.834938101788171 0.944979367262723
0.832187070151307 0.943603851444292
0.840440165061898 0.952544704264099
0.819807427785419 0.952544704264099
0.820495185694636 0.94222833562586
0.837689133425034 0.944291609353508
0.863823933975241 0.951169188445667
0.834938101788171 0.950481430536451
0.84525447042641 0.941540577716644
0.841127922971114 0.952544704264099
0.828060522696011 0.940165061898212
0.827372764786795 0.941540577716644
0.822558459422283 0.941540577716644
0.844566712517194 0.958046767537827
0.861760660247593 0.958046767537827
0.858321870701513 0.960797799174691
0.852819807427785 0.955295735900963
0.815680880330124 0.953920220082531
0.814305364511692 0.944291609353508
0.853507565337001 0.959422283356259
0.826685006877579 0.93878954607978
0.839752407152682 0.955983493810179
0.843878954607978 0.946354883081155
0.846629986244842 0.946354883081155
0.839064649243466 0.959422283356259
0.876203576341128 0.963548830811554
0.83837689133425 0.962861072902338
0.830123796423659 0.949105914718019
0.854883081155433 0.949105914718019
0.844566712517194 0.953920220082531
0.849381017881706 0.964924346629986
0.844566712517194 0.946354883081155
0.844566712517194 0.957359009628611
0.849381017881706 0.947042640990371
0.863136176066025 0.962173314993122
0.846629986244842 0.955295735900963
0.854883081155433 0.953920220082531
0.835625859697387 0.953920220082531
0.848005502063274 0.955295735900963
0.850756533700138 0.951169188445667
0.855570839064649 0.954607977991747
0.834250343878955 0.955295735900963
0.861072902338377 0.957359009628611
0.842503438789546 0.947730398899587
0.883768913342503 0.959422283356259
0.829436038514443 0.963548830811554
0.837001375515818 0.952544704264099
0.828748280605227 0.944979367262723
0.852132049518569 0.950481430536451
0.852132049518569 0.958046767537827
0.837001375515818 0.93878954607978
0.856946354883081 0.955983493810179
0.840440165061898 0.953920220082531
0.852819807427785 0.958734525447043
0.864511691884457 0.956671251719395
0.856946354883081 0.958734525447043
0.850756533700138 0.954607977991747
0.850756533700138 0.944291609353508
0.836313617606602 0.949793672627235
0.865887207702889 0.962861072902338
0.823933975240715 0.950481430536451
0.857634112792297 0.952544704264099
0.855570839064649 0.955983493810179
0.857634112792297 0.957359009628611
0.852132049518569 0.954607977991747
0.828748280605227 0.933975240715268
0.848005502063274 0.963548830811554
0.807427785419532 0.938101788170564
0.871389270976616 0.958046767537827
0.837001375515818 0.946354883081155
0.817744154057772 0.936038514442916
0.844566712517194 0.958046767537827
0.843878954607978 0.957359009628611
0.830123796423659 0.936726272352132
0.866574965612105 0.964924346629986
0.856258596973865 0.956671251719395
0.865887207702889 0.97111416781293
0.839064649243466 0.944291609353508
0.827372764786795 0.943603851444292
0.866574965612105 0.950481430536451
0.830811554332875 0.9353507565337
0.859697386519945 0.948418156808803
0.827372764786795 0.941540577716644
0.824621733149931 0.948418156808803
0.845942228335626 0.961485557083906
0.827372764786795 0.950481430536451
0.848005502063274 0.955295735900963
0.84181568088033 0.946354883081155
0.863136176066025 0.958046767537827
0.845942228335626 0.958046767537827
0.863823933975241 0.96423658872077
0.808115543328748 0.933975240715268
0.845942228335626 0.951169188445667
0.817744154057772 0.940852819807428
0.867950481430536 0.959422283356259
0.863823933975241 0.961485557083906
0.829436038514443 0.949105914718019
0.841127922971114 0.957359009628611
0.835625859697387 0.948418156808803
0.836313617606602 0.955295735900963
0.813617606602476 0.934662998624484
0.84525447042641 0.958046767537827
0.858321870701513 0.966987620357634
0.843191196698762 0.953232462173315
0.837689133425034 0.944979367262723
0.828060522696011 0.936726272352132
0.830811554332875 0.948418156808803
0.837689133425034 0.951169188445667
0.828748280605227 0.942916093535076
0.834938101788171 0.947042640990371
0.854883081155433 0.947730398899587
0.851444291609354 0.956671251719395
0.859697386519945 0.953920220082531
0.837689133425034 0.958734525447043
0.859009628610729 0.953920220082531
0.835625859697387 0.955295735900963
0.845942228335626 0.949105914718019
0.866574965612105 0.962861072902338
0.884456671251719 0.966987620357634
0.814993122420908 0.947730398899587
0.845942228335626 0.944291609353508
0.866574965612105 0.958046767537827
0.83837689133425 0.952544704264099
0.828748280605227 0.941540577716644
0.850068775790922 0.955295735900963
0.858321870701513 0.958734525447043
0.852132049518569 0.957359009628611
0.852819807427785 0.957359009628611
0.844566712517194 0.958046767537827
0.833562585969739 0.947042640990371
0.843191196698762 0.951169188445667
0.831499312242091 0.956671251719395
0.873452544704264 0.96423658872077
0.878954607977992 0.955295735900963
0.833562585969739 0.94566712517194
0.856258596973865 0.960110041265475
0.828748280605227 0.955295735900963
0.840440165061898 0.943603851444292
0.856258596973865 0.959422283356259
0.821182943603851 0.936726272352132
0.843191196698762 0.960110041265475
0.832187070151307 0.942916093535076
0.842503438789546 0.948418156808803
0.879642365887208 0.970426409903714
0.819119669876204 0.94566712517194
0.847317744154058 0.965612104539202
0.832874828060523 0.949793672627235
0.839752407152682 0.94222833562586
0.858321870701513 0.966987620357634
0.850068775790922 0.951169188445667
0.859697386519945 0.952544704264099
0.837689133425034 0.955295735900963
0.861072902338377 0.960110041265475
0.842503438789546 0.951856946354883
0.821182943603851 0.946354883081155
0.846629986244842 0.954607977991747
0.854195323246217 0.964924346629986
0.863136176066025 0.953920220082531
0.826685006877579 0.943603851444292
0.852819807427785 0.952544704264099
0.794360385144429 0.938101788170564
0.842503438789546 0.949105914718019
0.83837689133425 0.951856946354883
0.856258596973865 0.958046767537827
0.850756533700138 0.958046767537827
0.848005502063274 0.94566712517194
0.862448418156809 0.958734525447043
0.843191196698762 0.942916093535076
0.832874828060523 0.944291609353508
0.857634112792297 0.957359009628611
0.811554332874828 0.93191196698762
0.852132049518569 0.952544704264099
0.875515818431912 0.96423658872077
0.842503438789546 0.954607977991747
0.850756533700138 0.951169188445667
0.834938101788171 0.952544704264099
0.835625859697387 0.953232462173315
0.84181568088033 0.956671251719395
0.847317744154058 0.949793672627235
0.84181568088033 0.941540577716644
0.852132049518569 0.951856946354883
0.853507565337001 0.955983493810179
0.81636863823934 0.921595598349381
0.842503438789546 0.956671251719395
0.843878954607978 0.953232462173315
0.855570839064649 0.949105914718019
0.835625859697387 0.949105914718019
0.843878954607978 0.953232462173315
0.860385144429161 0.958046767537827
0.865887207702889 0.960110041265475
0.835625859697387 0.949105914718019
0.836313617606602 0.948418156808803
0.845942228335626 0.94222833562586
0.841127922971114 0.949105914718019
0.84525447042641 0.952544704264099
0.834250343878955 0.950481430536451
0.867950481430536 0.962861072902338
0.857634112792297 0.953920220082531
0.825997248968363 0.948418156808803
0.83837689133425 0.955983493810179
0.817744154057772 0.939477303988996
0.857634112792297 0.958046767537827
0.860385144429161 0.964924346629986
0.856258596973865 0.958046767537827
0.853507565337001 0.960110041265475
0.820495185694636 0.946354883081155
0.843191196698762 0.951169188445667
0.810866574965612 0.943603851444292
0.846629986244842 0.950481430536451
0.863823933975241 0.957359009628611
0.863136176066025 0.958734525447043
0.842503438789546 0.955983493810179
0.867950481430536 0.955295735900963
0.83837689133425 0.948418156808803
0.852132049518569 0.953232462173315
0.873452544704264 0.962173314993122
0.828060522696011 0.944291609353508
0.87414030261348 0.962861072902338
0.844566712517194 0.951169188445667
0.834938101788171 0.955983493810179
0.835625859697387 0.954607977991747
0.827372764786795 0.949793672627235
0.842503438789546 0.957359009628611
0.872077028885832 0.960797799174691
0.829436038514443 0.947042640990371
0.830811554332875 0.946354883081155
0.830123796423659 0.942916093535076
0.812242090784044 0.943603851444292
0.849381017881706 0.952544704264099
0.837001375515818 0.946354883081155
0.834250343878955 0.939477303988996
0.863136176066025 0.963548830811554
0.866574965612105 0.957359009628611
0.84181568088033 0.952544704264099
0.829436038514443 0.946354883081155
0.839752407152682 0.946354883081155
0.815680880330124 0.937414030261348
0.834938101788171 0.940852819807428
0.832187070151307 0.955295735900963
0.811554332874828 0.927097661623109
0.843191196698762 0.955295735900963
0.872077028885832 0.943603851444292
0.850756533700138 0.962173314993122
0.824621733149931 0.94566712517194
0.799174690508941 0.927785419532325
0.852819807427785 0.955983493810179
0.839752407152682 0.943603851444292
0.843878954607978 0.951856946354883
0.836313617606602 0.950481430536451
0.826685006877579 0.953920220082531
0.862448418156809 0.955295735900963
0.828748280605227 0.960110041265475
0.844566712517194 0.950481430536451
0.831499312242091 0.947042640990371
0.837001375515818 0.953232462173315
0.84869325997249 0.956671251719395
0.853507565337001 0.964924346629986
0.842503438789546 0.955983493810179
0.848005502063274 0.956671251719395
0.827372764786795 0.948418156808803
0.850068775790922 0.962173314993122
0.834938101788171 0.948418156808803
0.863823933975241 0.962861072902338
0.833562585969739 0.953232462173315
0.843191196698762 0.953920220082531
0.842503438789546 0.950481430536451
0.836313617606602 0.955295735900963
0.830811554332875 0.94222833562586
0.841127922971114 0.950481430536451
0.825997248968363 0.944291609353508
0.798486932599725 0.940165061898212
0.839064649243466 0.949793672627235
0.797799174690509 0.934662998624484
0.851444291609354 0.958734525447043
0.834250343878955 0.951856946354883
0.839064649243466 0.940852819807428
0.832187070151307 0.943603851444292
0.86726272352132 0.958046767537827
0.821870701513067 0.944979367262723
0.845942228335626 0.944979367262723
0.832187070151307 0.953232462173315
0.822558459422283 0.94222833562586
0.874828060522696 0.968363136176066
0.843191196698762 0.955983493810179
0.824621733149931 0.944979367262723
0.833562585969739 0.961485557083906
0.830811554332875 0.93878954607978
0.823933975240715 0.943603851444292
0.827372764786795 0.94566712517194
0.837001375515818 0.947730398899587
0.829436038514443 0.951169188445667
0.835625859697387 0.940165061898212
0.834250343878955 0.950481430536451
0.860385144429161 0.954607977991747
0.863136176066025 0.958734525447043
0.850068775790922 0.956671251719395
0.862448418156809 0.96423658872077
0.842503438789546 0.965612104539202
0.848005502063274 0.954607977991747
0.823933975240715 0.949105914718019
0.842503438789546 0.948418156808803
0.863136176066025 0.959422283356259
0.823933975240715 0.9353507565337
0.834250343878955 0.949793672627235
0.819119669876204 0.937414030261348
0.831499312242091 0.941540577716644
0.818431911966988 0.944979367262723
0.839064649243466 0.948418156808803
0.874828060522696 0.966987620357634
0.864511691884457 0.958734525447043
0.836313617606602 0.951169188445667
0.850068775790922 0.959422283356259
0.837001375515818 0.958046767537827
0.842503438789546 0.953232462173315
0.818431911966988 0.943603851444292
0.843878954607978 0.955295735900963
0.858321870701513 0.951856946354883
0.804676753782668 0.929160935350757
0.834938101788171 0.950481430536451
0.850756533700138 0.958734525447043
0.849381017881706 0.954607977991747
0.854883081155433 0.951856946354883
0.859697386519945 0.954607977991747
0.837001375515818 0.944979367262723
0.835625859697387 0.956671251719395
0.84525447042641 0.950481430536451
0.823246217331499 0.947042640990371
0.86726272352132 0.968363136176066
0.843191196698762 0.955295735900963
0.828748280605227 0.948418156808803
0.810178817056396 0.933975240715268
0.830811554332875 0.94222833562586
0.858321870701513 0.947730398899587
0.845942228335626 0.968363136176066
0.851444291609354 0.955983493810179
0.831499312242091 0.951169188445667
0.86726272352132 0.956671251719395
0.84525447042641 0.944979367262723
0.842503438789546 0.954607977991747
0.847317744154058 0.952544704264099
0.867950481430536 0.964924346629986
0.831499312242091 0.953232462173315
0.819119669876204 0.947730398899587
0.813617606602476 0.940165061898212
0.840440165061898 0.946354883081155
0.839064649243466 0.955983493810179
0.842503438789546 0.959422283356259
0.866574965612105 0.963548830811554
0.844566712517194 0.949793672627235
0.851444291609354 0.950481430536451
0.835625859697387 0.943603851444292
0.875515818431912 0.956671251719395
0.817056396148556 0.93878954607978
0.852819807427785 0.951856946354883
0.856946354883081 0.960797799174691
0.810866574965612 0.939477303988996
0.821870701513067 0.94222833562586
0.84869325997249 0.960797799174691
0.843191196698762 0.947730398899587
0.825309491059147 0.951169188445667
0.814993122420908 0.949105914718019
0.861072902338377 0.959422283356259
0.837689133425034 0.952544704264099
0.843878954607978 0.951169188445667
0.856946354883081 0.957359009628611
0.851444291609354 0.963548830811554
0.837001375515818 0.950481430536451
0.872764786795048 0.957359009628611
0.863823933975241 0.960797799174691
0.821870701513067 0.938101788170564
0.856258596973865 0.957359009628611
0.851444291609354 0.950481430536451
0.865199449793673 0.954607977991747
0.84869325997249 0.957359009628611
0.841127922971114 0.949793672627235
0.864511691884457 0.958046767537827
0.828748280605227 0.947042640990371
0.851444291609354 0.956671251719395
0.813617606602476 0.9353507565337
0.84525447042641 0.946354883081155
0.813617606602476 0.941540577716644
0.823246217331499 0.947042640990371
0.849381017881706 0.947042640990371
0.834250343878955 0.953232462173315
0.825997248968363 0.934662998624484
0.850756533700138 0.943603851444292
0.829436038514443 0.941540577716644
0.840440165061898 0.955983493810179
0.808803301237964 0.927785419532325
0.84869325997249 0.949793672627235
0.839752407152682 0.960110041265475
0.852132049518569 0.962173314993122
0.861760660247593 0.959422283356259
0.846629986244842 0.955983493810179
0.841127922971114 0.949793672627235
0.840440165061898 0.940165061898212
0.839064649243466 0.944979367262723
0.878954607977992 0.964924346629986
0.828748280605227 0.947730398899587
0.853507565337001 0.947730398899587
0.825997248968363 0.949793672627235
0.823933975240715 0.943603851444292
0.806740027510316 0.94222833562586
0.861760660247593 0.956671251719395
0.840440165061898 0.949793672627235
0.842503438789546 0.949105914718019
0.819807427785419 0.947730398899587
0.817056396148556 0.944291609353508
0.851444291609354 0.955295735900963
0.834250343878955 0.958046767537827
0.866574965612105 0.956671251719395
0.836313617606602 0.953920220082531
0.861760660247593 0.953920220082531
0.863823933975241 0.953232462173315
0.837689133425034 0.947730398899587
0.830123796423659 0.949793672627235
0.819119669876204 0.949105914718019
0.862448418156809 0.960110041265475
0.872764786795048 0.960797799174691
0.863823933975241 0.959422283356259
0.840440165061898 0.952544704264099
0.837689133425034 0.948418156808803
0.858321870701513 0.955295735900963
0.847317744154058 0.960110041265475
0.850756533700138 0.951856946354883
0.836313617606602 0.944291609353508
0.822558459422283 0.946354883081155
0.858321870701513 0.955295735900963
0.84869325997249 0.962173314993122
0.843191196698762 0.948418156808803
0.869325997248968 0.960797799174691
0.829436038514443 0.957359009628611
0.866574965612105 0.962173314993122
0.830811554332875 0.947042640990371
0.854195323246217 0.947730398899587
0.84525447042641 0.946354883081155
0.848005502063274 0.954607977991747
0.826685006877579 0.941540577716644
0.841127922971114 0.955295735900963
0.856946354883081 0.953232462173315
0.817744154057772 0.944979367262723
0.850068775790922 0.96423658872077
0.849381017881706 0.957359009628611
0.863823933975241 0.961485557083906
0.873452544704264 0.964924346629986
0.868638239339752 0.960110041265475
0.852819807427785 0.963548830811554
0.841127922971114 0.94222833562586
0.848005502063274 0.950481430536451
0.811554332874828 0.949793672627235
0.844566712517194 0.955983493810179
0.855570839064649 0.953920220082531
0.834938101788171 0.951856946354883
0.850756533700138 0.960797799174691
0.860385144429161 0.952544704264099
0.833562585969739 0.938101788170564
0.841127922971114 0.949793672627235
0.829436038514443 0.947730398899587
0.865199449793673 0.951856946354883
0.850068775790922 0.954607977991747
0.843191196698762 0.952544704264099
0.810866574965612 0.936726272352132
0.841127922971114 0.955983493810179
0.843878954607978 0.956671251719395
0.843191196698762 0.951856946354883
0.843191196698762 0.951856946354883
0.845942228335626 0.949793672627235
0.846629986244842 0.954607977991747
0.850068775790922 0.947730398899587
0.878954607977992 0.963548830811554
0.837689133425034 0.954607977991747
0.853507565337001 0.957359009628611
0.863136176066025 0.962861072902338
0.843191196698762 0.949105914718019
0.84181568088033 0.956671251719395
0.841127922971114 0.947042640990371
0.852132049518569 0.950481430536451
0.851444291609354 0.960110041265475
0.854195323246217 0.952544704264099
0.825997248968363 0.949793672627235
0.837689133425034 0.958046767537827
0.825309491059147 0.949793672627235
0.852132049518569 0.949105914718019
0.834250343878955 0.950481430536451
0.839064649243466 0.950481430536451
0.853507565337001 0.958046767537827
0.843191196698762 0.952544704264099
0.869325997248968 0.969050894085282
0.835625859697387 0.938101788170564
0.835625859697387 0.951169188445667
0.830811554332875 0.944979367262723
0.830811554332875 0.948418156808803
0.864511691884457 0.949793672627235
0.840440165061898 0.940165061898212
0.832874828060523 0.949105914718019
0.842503438789546 0.951169188445667
0.846629986244842 0.953232462173315
0.869325997248968 0.964924346629986
0.852819807427785 0.947042640990371
0.865199449793673 0.956671251719395
0.817744154057772 0.940852819807428
0.833562585969739 0.950481430536451
0.827372764786795 0.947730398899587
0.843191196698762 0.953920220082531
0.833562585969739 0.94222833562586
0.843878954607978 0.958046767537827
0.835625859697387 0.94566712517194
0.860385144429161 0.960797799174691
0.819119669876204 0.944291609353508
0.834938101788171 0.957359009628611
0.859697386519945 0.949793672627235
0.829436038514443 0.949793672627235
0.824621733149931 0.958734525447043
0.83837689133425 0.953920220082531
0.845942228335626 0.955295735900963
0.863823933975241 0.953232462173315
0.837001375515818 0.946354883081155
0.847317744154058 0.947730398899587
0.84525447042641 0.953920220082531
0.837001375515818 0.938101788170564
0.848005502063274 0.956671251719395
0.81292984869326 0.947730398899587
0.84181568088033 0.948418156808803
0.850068775790922 0.952544704264099
0.849381017881706 0.947042640990371
0.839064649243466 0.953232462173315
0.839752407152682 0.948418156808803
0.823246217331499 0.944291609353508
0.863823933975241 0.962173314993122
0.790921595598349 0.929848693259972
0.851444291609354 0.958046767537827
0.860385144429161 0.956671251719395
0.819807427785419 0.947042640990371
0.843191196698762 0.948418156808803
0.859009628610729 0.954607977991747
0.837689133425034 0.949793672627235
0.817056396148556 0.937414030261348
0.852132049518569 0.954607977991747
0.856258596973865 0.946354883081155
0.819119669876204 0.940165061898212
0.825309491059147 0.944291609353508
0.843191196698762 0.947042640990371
0.837001375515818 0.947042640990371
0.854883081155433 0.960797799174691
0.876891334250344 0.955983493810179
0.837689133425034 0.958046767537827
0.854195323246217 0.949105914718019
0.833562585969739 0.944979367262723
0.857634112792297 0.947730398899587
0.835625859697387 0.940165061898212
0.824621733149931 0.944979367262723
0.859009628610729 0.958734525447043
0.878954607977992 0.961485557083906
0.814993122420908 0.936726272352132
0.826685006877579 0.940165061898212
0.832187070151307 0.948418156808803
0.866574965612105 0.960110041265475
0.834938101788171 0.949793672627235
0.837689133425034 0.949793672627235
0.837001375515818 0.949105914718019
0.853507565337001 0.959422283356259
0.819119669876204 0.942916093535076
0.822558459422283 0.943603851444292
0.829436038514443 0.96767537826685
0.846629986244842 0.950481430536451
0.843878954607978 0.949793672627235
0.823933975240715 0.936726272352132
0.870013755158184 0.962173314993122
0.836313617606602 0.955983493810179
0.841127922971114 0.949105914718019
0.84869325997249 0.951856946354883
0.850068775790922 0.954607977991747
0.862448418156809 0.963548830811554
0.814305364511692 0.936038514442916
0.834250343878955 0.953920220082531
0.847317744154058 0.961485557083906
0.832187070151307 0.943603851444292
0.841127922971114 0.940165061898212
0.854195323246217 0.952544704264099
0.848005502063274 0.944979367262723
0.855570839064649 0.950481430536451
0.872077028885832 0.962173314993122
0.832187070151307 0.949793672627235
0.832187070151307 0.942916093535076
0.843191196698762 0.947730398899587
0.857634112792297 0.951169188445667
0.83837689133425 0.949793672627235
0.808803301237964 0.943603851444292
0.846629986244842 0.954607977991747
0.822558459422283 0.944979367262723
0.820495185694636 0.950481430536451
0.875515818431912 0.962861072902338
0.801237964236589 0.940165061898212
0.841127922971114 0.964924346629986
0.841127922971114 0.953920220082531
0.814993122420908 0.942916093535076
0.843878954607978 0.955983493810179
0.827372764786795 0.952544704264099
0.832874828060523 0.952544704264099
0.832874828060523 0.951856946354883
0.834250343878955 0.940165061898212
0.844566712517194 0.956671251719395
0.827372764786795 0.951169188445667
0.863823933975241 0.954607977991747
0.828748280605227 0.940165061898212
0.822558459422283 0.944979367262723
0.850756533700138 0.954607977991747
0.865199449793673 0.96767537826685
0.805364511691884 0.936726272352132
0.839064649243466 0.949793672627235
0.823246217331499 0.938101788170564
0.849381017881706 0.941540577716644
0.862448418156809 0.955295735900963
0.863136176066025 0.950481430536451
0.862448418156809 0.952544704264099
0.840440165061898 0.944291609353508
0.839752407152682 0.937414030261348
0.843878954607978 0.948418156808803
0.827372764786795 0.939477303988996
0.868638239339752 0.959422283356259
0.834250343878955 0.953232462173315
0.821870701513067 0.9353507565337
0.863823933975241 0.960110041265475
0.854195323246217 0.951856946354883
0.837689133425034 0.942916093535076
0.851444291609354 0.960797799174691
0.840440165061898 0.949793672627235
0.828060522696011 0.954607977991747
0.852819807427785 0.952544704264099
0.826685006877579 0.940165061898212
0.832874828060523 0.950481430536451
0.856946354883081 0.960110041265475
0.835625859697387 0.954607977991747
0.833562585969739 0.951856946354883
0.810866574965612 0.94566712517194
0.864511691884457 0.961485557083906
0.844566712517194 0.955983493810179
0.834938101788171 0.947042640990371
0.830811554332875 0.951169188445667
0.853507565337001 0.951169188445667
0.822558459422283 0.942916093535076
0.850068775790922 0.952544704264099
0.831499312242091 0.951856946354883
