0.857634112792297 0.957359009628611
0.842503438789546 0.952544704264099
0.854195323246217 0.953232462173315
0.850756533700138 0.958046767537827
0.858321870701513 0.952544704264099
0.843878954607978 0.949105914718019
0.856258596973865 0.958046767537827
0.826685006877579 0.949105914718019
0.850756533700138 0.957359009628611
0.834938101788171 0.952544704264099
0.863136176066025 0.958734525447043
0.817744154057772 0.949793672627235
0.867950481430536 0.960110041265475
0.835625859697387 0.939477303988996
0.842503438789546 0.953232462173315
0.84181568088033 0.949793672627235
0.825309491059147 0.949105914718019
0.844566712517194 0.959422283356259
0.830123796423659 0.947042640990371
0.848005502063274 0.944979367262723
0.832874828060523 0.94566712517194
0.854195323246217 0.949105914718019
0.813617606602476 0.949105914718019
0.83837689133425 0.953232462173315
0.86726272352132 0.955983493810179
0.849381017881706 0.948418156808803
0.854883081155433 0.951856946354883
0.841127922971114 0.951856946354883
0.834250343878955 0.940165061898212
0.817744154057772 0.940165061898212
0.854883081155433 0.958046767537827
0.861760660247593 0.944291609353508
0.820495185694636 0.928473177441541
0.84181568088033 0.961485557083906
0.845942228335626 0.956671251719395
0.842503438789546 0.947730398899587
0.850756533700138 0.957359009628611
0.846629986244842 0.955983493810179
0.858321870701513 0.956671251719395
0.849381017881706 0.960110041265475
0.836313617606602 0.944291609353508
0.833562585969739 0.952544704264099
0.83837689133425 0.94566712517194
0.831499312242091 0.951856946354883
0.819807427785419 0.947730398899587
0.837689133425034 0.953232462173315
0.840440165061898 0.954607977991747
0.872764786795048 0.959422283356259
0.847317744154058 0.954607977991747
0.825309491059147 0.951169188445667
0.841127922971114 0.952544704264099
0.828060522696011 0.9353507565337
0.850068775790922 0.949793672627235
0.840440165061898 0.939477303988996
0.837001375515818 0.951856946354883
0.845942228335626 0.959422283356259
0.81636863823934 0.939477303988996
0.824621733149931 0.940852819807428
0.839064649243466 0.953232462173315
0.847317744154058 0.953232462173315
0.827372764786795 0.9353507565337
0.861072902338377 0.966987620357634
0.847317744154058 0.953232462173315
0.807427785419532 0.941540577716644
0.863823933975241 0.96423658872077
0.823246217331499 0.94222833562586
0.862448418156809 0.960797799174691
0.863136176066025 0.951169188445667
0.827372764786795 0.955983493810179
0.830811554332875 0.948418156808803
0.847317744154058 0.951169188445667
0.832874828060523 0.943603851444292
0.859009628610729 0.955295735900963
0.850756533700138 0.955983493810179
0.825997248968363 0.951856946354883
0.834250343878955 0.949105914718019
0.837689133425034 0.951856946354883
0.839064649243466 0.946354883081155
0.848005502063274 0.958046767537827
0.815680880330124 0.94566712517194
0.872077028885832 0.960110041265475
0.826685006877579 0.940165061898212
0.878266850068776 0.969738651994498
0.857634112792297 0.960110041265475
0.812242090784044 0.947730398899587
0.824621733149931 0.938101788170564
0.859009628610729 0.963548830811554
0.821182943603851 0.94566712517194
0.854195323246217 0.958734525447043
0.842503438789546 0.950481430536451
0.81292984869326 0.934662998624484
0.835625859697387 0.942916093535076
0.830811554332875 0.951169188445667
0.866574965612105 0.958734525447043
0.841127922971114 0.947730398899587
0.87757909215956 0.960797799174691
0.784731774415406 0.931224209078404
0.795735900962861 0.933287482806052
0.825997248968363 0.946354883081155
0.855570839064649 0.953920220082531
0.858321870701513 0.959422283356259
0.836313617606602 0.942916093535076
0.839752407152682 0.951169188445667
0.871389270976616 0.958734525447043
0.852819807427785 0.950481430536451
0.884456671251719 0.966299862448418
0.854883081155433 0.947730398899587
0.853507565337001 0.958734525447043
0.801237964236589 0.929848693259972
0.873452544704264 0.966299862448418
0.839752407152682 0.94566712517194
0.869325997248968 0.951856946354883
0.84869325997249 0.957359009628611
0.842503438789546 0.946354883081155
0.868638239339752 0.959422283356259
0.818431911966988 0.947042640990371
0.836313617606602 0.949105914718019
0.849381017881706 0.943603851444292
0.891334250343879 0.969050894085282
0.839752407152682 0.949793672627235
0.849381017881706 0.955983493810179
0.852819807427785 0.966299862448418
0.834250343878955 0.94566712517194
0.848005502063274 0.953920220082531
0.857634112792297 0.962861072902338
0.830811554332875 0.944979367262723
0.822558459422283 0.944979367262723
0.828060522696011 0.941540577716644
0.840440165061898 0.960110041265475
0.864511691884457 0.958734525447043
0.848005502063274 0.953920220082531
0.832874828060523 0.951856946354883
0.83837689133425 0.954607977991747
0.839064649243466 0.948418156808803
0.841127922971114 0.954607977991747
0.83837689133425 0.943603851444292
0.839064649243466 0.950481430536451
0.826685006877579 0.953232462173315
0.834250343878955 0.949793672627235
0.879642365887208 0.957359009628611
0.862448418156809 0.951856946354883
0.861760660247593 0.960110041265475
0.854195323246217 0.947042640990371
0.853507565337001 0.962173314993122
0.827372764786795 0.936726272352132
0.810178817056396 0.943603851444292
0.81292984869326 0.929160935350757
0.863136176066025 0.970426409903714
0.81636863823934 0.936038514442916
0.852819807427785 0.956671251719395
0.839752407152682 0.951856946354883
0.837001375515818 0.944979367262723
0.854195323246217 0.955983493810179
0.843878954607978 0.954607977991747
0.836313617606602 0.951856946354883
0.850756533700138 0.947730398899587
0.824621733149931 0.940165061898212
0.854883081155433 0.952544704264099
0.791609353507565 0.93878954607978
0.842503438789546 0.955983493810179
0.84181568088033 0.949105914718019
0.868638239339752 0.957359009628611
0.836313617606602 0.955295735900963
0.828748280605227 0.939477303988996
0.856258596973865 0.960797799174691
0.821870701513067 0.947042640990371
0.843191196698762 0.949105914718019
0.843191196698762 0.936726272352132
0.819807427785419 0.941540577716644
0.868638239339752 0.952544704264099
0.835625859697387 0.953920220082531
0.871389270976616 0.96423658872077
0.845942228335626 0.961485557083906
0.831499312242091 0.949793672627235
0.84869325997249 0.957359009628611
0.873452544704264 0.960797799174691
0.843191196698762 0.957359009628611
0.861760660247593 0.951856946354883
0.823246217331499 0.942916093535076
0.863823933975241 0.958046767537827
0.839064649243466 0.958734525447043
0.837689133425034 0.953920220082531
0.854883081155433 0.950481430536451
0.819807427785419 0.942916093535076
0.841127922971114 0.94222833562586
0.821870701513067 0.949105914718019
0.830123796423659 0.938101788170564
0.862448418156809 0.951856946354883
0.867950481430536 0.960797799174691
0.84181568088033 0.94222833562586
0.84181568088033 0.960797799174691
0.836313617606602 0.954607977991747
0.836313617606602 0.954607977991747
0.835625859697387 0.957359009628611
0.837001375515818 0.953232462173315
0.829436038514443 0.951169188445667
0.855570839064649 0.960797799174691
0.830811554332875 0.949793672627235
0.859009628610729 0.955295735900963
0.825309491059147 0.955295735900963
0.825309491059147 0.949105914718019
0.860385144429161 0.951856946354883
0.845942228335626 0.955295735900963
0.847317744154058 0.936726272352132
0.855570839064649 0.955295735900963
0.849381017881706 0.955983493810179
0.831499312242091 0.943603851444292
0.835625859697387 0.957359009628611
0.848005502063274 0.93878954607978
0.828060522696011 0.951169188445667
0.863136176066025 0.958734525447043
0.834938101788171 0.93191196698762
0.842503438789546 0.938101788170564
0.831499312242091 0.950481430536451
0.839752407152682 0.949793672627235
0.844566712517194 0.956671251719395
0.847317744154058 0.956671251719395
0.817056396148556 0.944291609353508
0.832874828060523 0.947730398899587
0.837001375515818 0.947730398899587
0.830123796423659 0.949105914718019
0.854883081155433 0.960797799174691
0.843878954607978 0.954607977991747
0.831499312242091 0.94222833562586
0.833562585969739 0.942916093535076
0.815680880330124 0.93878954607978
0.828748280605227 0.940165061898212
0.873452544704264 0.963548830811554
0.851444291609354 0.961485557083906
0.821182943603851 0.936038514442916
0.832874828060523 0.94566712517194
0.857634112792297 0.950481430536451
0.84869325997249 0.953920220082531
0.814305364511692 0.944979367262723
0.848005502063274 0.950481430536451
0.835625859697387 0.950481430536451
0.827372764786795 0.947042640990371
0.848005502063274 0.958734525447043
0.841127922971114 0.94566712517194
0.849381017881706 0.949793672627235
0.828060522696011 0.933287482806052
0.850756533700138 0.954607977991747
0.825997248968363 0.94222833562586
0.828060522696011 0.953920220082531
0.882393397524072 0.959422283356259
0.853507565337001 0.953920220082531
0.854195323246217 0.947730398899587
0.84181568088033 0.955983493810179
0.839752407152682 0.950481430536451
0.817744154057772 0.93878954607978
0.865887207702889 0.955983493810179
0.81636863823934 0.938101788170564
0.837689133425034 0.951169188445667
0.856946354883081 0.956671251719395
0.846629986244842 0.946354883081155
0.822558459422283 0.947042640990371
0.851444291609354 0.963548830811554
0.850068775790922 0.961485557083906
0.84869325997249 0.951169188445667
0.864511691884457 0.951169188445667
0.844566712517194 0.949793672627235
0.83837689133425 0.953920220082531
0.84181568088033 0.956671251719395
0.835625859697387 0.958046767537827
0.857634112792297 0.951169188445667
0.833562585969739 0.958734525447043
0.867950481430536 0.961485557083906
0.829436038514443 0.948418156808803
0.828748280605227 0.936726272352132
0.834250343878955 0.949793672627235
0.827372764786795 0.944979367262723
0.849381017881706 0.948418156808803
0.800550206327373 0.940852819807428
0.849381017881706 0.955295735900963
0.852819807427785 0.956671251719395
0.872764786795048 0.961485557083906
0.825997248968363 0.93878954607978
0.851444291609354 0.956671251719395
0.806740027510316 0.94566712517194
0.837689133425034 0.940165061898212
0.819807427785419 0.948418156808803
0.864511691884457 0.958046767537827
0.834938101788171 0.955295735900963
0.854883081155433 0.960110041265475
0.801237964236589 0.937414030261348
0.8060522696011 0.933287482806052
0.859009628610729 0.958734525447043
0.848005502063274 0.94566712517194
0.792984869325997 0.925034387895461
0.868638239339752 0.952544704264099
0.873452544704264 0.962173314993122
0.841127922971114 0.957359009628611
0.875515818431912 0.96423658872077
0.832874828060523 0.947730398899587
0.832187070151307 0.943603851444292
0.836313617606602 0.937414030261348
0.849381017881706 0.94566712517194
0.861072902338377 0.957359009628611
0.854883081155433 0.968363136176066
0.846629986244842 0.952544704264099
0.86726272352132 0.960110041265475
0.830811554332875 0.951169188445667
0.848005502063274 0.951169188445667
0.823933975240715 0.943603851444292
0.865887207702889 0.960110041265475
0.859697386519945 0.953232462173315
0.834250343878955 0.944979367262723
0.858321870701513 0.958046767537827
0.900275103163686 0.970426409903714
0.843878954607978 0.949793672627235
0.848005502063274 0.957359009628611
0.80949105914718 0.944291609353508
0.843191196698762 0.953920220082531
0.821182943603851 0.947042640990371
0.839752407152682 0.958046767537827
0.866574965612105 0.960110041265475
0.831499312242091 0.943603851444292
0.821182943603851 0.944979367262723
0.856258596973865 0.954607977991747
0.833562585969739 0.948418156808803
0.856258596973865 0.954607977991747
0.865887207702889 0.949105914718019
0.821182943603851 0.951856946354883
0.861760660247593 0.963548830811554
0.854883081155433 0.953920220082531
0.858321870701513 0.956671251719395
0.805364511691884 0.937414030261348
0.849381017881706 0.949105914718019
0.856258596973865 0.953232462173315
0.808803301237964 0.933975240715268
0.859009628610729 0.959422283356259
0.853507565337001 0.958734525447043
0.846629986244842 0.956671251719395
0.835625859697387 0.960110041265475
0.848005502063274 0.958046767537827
0.835625859697387 0.953232462173315
0.868638239339752 0.961485557083906
0.859009628610729 0.960797799174691
0.887207702888583 0.962173314993122
0.84869325997249 0.953232462173315
0.786795048143054 0.937414030261348
0.834938101788171 0.942916093535076
0.832187070151307 0.949793672627235
0.863823933975241 0.960797799174691
0.84869325997249 0.946354883081155
0.819119669876204 0.948418156808803
0.821182943603851 0.93191196698762
0.839064649243466 0.948418156808803
0.832874828060523 0.951169188445667
0.814305364511692 0.955983493810179
0.865887207702889 0.955983493810179
0.803301237964237 0.936038514442916
0.844566712517194 0.951169188445667
0.852132049518569 0.940852819807428
0.830811554332875 0.94566712517194
0.842503438789546 0.953232462173315
0.849381017881706 0.953920220082531
0.840440165061898 0.953920220082531
0.84525447042641 0.956671251719395
0.87414030261348 0.96423658872077
0.871389270976616 0.953920220082531
0.834938101788171 0.943603851444292
0.808115543328748 0.947730398899587
0.832874828060523 0.944291609353508
0.840440165061898 0.931224209078404
0.853507565337001 0.951856946354883
0.835625859697387 0.953232462173315
0.823933975240715 0.941540577716644
0.847317744154058 0.953920220082531
0.829436038514443 0.948418156808803
0.893397524071527 0.968363136176066
0.841127922971114 0.947730398899587
0.833562585969739 0.942916093535076
0.850068775790922 0.961485557083906
0.823246217331499 0.932599724896836
0.858321870701513 0.957359009628611
0.850756533700138 0.959422283356259
0.856258596973865 0.958734525447043
0.84869325997249 0.955983493810179
0.865887207702889 0.954607977991747
0.852819807427785 0.950481430536451
0.856946354883081 0.963548830811554
0.861760660247593 0.955295735900963
0.874828060522696 0.96767537826685
0.858321870701513 0.961485557083906
0.833562585969739 0.94222833562586
0.84181568088033 0.962861072902338
0.839064649243466 0.944979367262723
0.841127922971114 0.949793672627235
0.871389270976616 0.962173314993122
0.845942228335626 0.954607977991747
0.820495185694636 0.93878954607978
0.839064649243466 0.957359009628611
0.818431911966988 0.939477303988996
0.810178817056396 0.927785419532325
0.843878954607978 0.958734525447043
0.863823933975241 0.955983493810179
0.83837689133425 0.952544704264099
0.859697386519945 0.957359009628611
0.823933975240715 0.950481430536451
0.852819807427785 0.954607977991747
0.842503438789546 0.948418156808803
0.837689133425034 0.954607977991747
0.858321870701513 0.960110041265475
0.834938101788171 0.956671251719395
0.834938101788171 0.953232462173315
0.847317744154058 0.950481430536451
0.834250343878955 0.949105914718019
0.839064649243466 0.949105914718019
0.825997248968363 0.940852819807428
0.839752407152682 0.950481430536451
0.875515818431912 0.959422283356259
0.844566712517194 0.957359009628611
0.840440165061898 0.956671251719395
0.84525447042641 0.958734525447043
0.858321870701513 0.958734525447043
0.847317744154058 0.947042640990371
0.862448418156809 0.961485557083906
0.810178817056396 0.949793672627235
0.819119669876204 0.944979367262723
0.868638239339752 0.962173314993122
0.868638239339752 0.962173314993122
0.855570839064649 0.953920220082531
0.839064649243466 0.954607977991747
0.83837689133425 0.960110041265475
0.859697386519945 0.951169188445667
0.872077028885832 0.964924346629986
0.831499312242091 0.943603851444292
0.846629986244842 0.951856946354883
0.847317744154058 0.951856946354883
0.81292984869326 0.934662998624484
0.843878954607978 0.944291609353508
0.800550206327373 0.930536451169188
0.827372764786795 0.941540577716644
0.840440165061898 0.955295735900963
0.858321870701513 0.961485557083906
0.810178817056396 0.954607977991747
0.875515818431912 0.96767537826685
0.863136176066025 0.954607977991747
0.823933975240715 0.939477303988996
0.859009628610729 0.953920220082531
0.832187070151307 0.952544704264099
0.863823933975241 0.96767537826685
0.853507565337001 0.960797799174691
0.822558459422283 0.947042640990371
0.840440165061898 0.952544704264099
0.872764786795048 0.955983493810179
0.850068775790922 0.953232462173315
0.839064649243466 0.950481430536451
0.854883081155433 0.960110041265475
0.861760660247593 0.962173314993122
0.819119669876204 0.961485557083906
0.856946354883081 0.957359009628611
0.844566712517194 0.955295735900963
0.825309491059147 0.949105914718019
0.840440165061898 0.946354883081155
0.836313617606602 0.958046767537827
0.849381017881706 0.956671251719395
0.812242090784044 0.944979367262723
0.862448418156809 0.953920220082531
0.800550206327373 0.93191196698762
0.839752407152682 0.953920220082531
0.841127922971114 0.94566712517194
0.821870701513067 0.933975240715268
0.839752407152682 0.949793672627235
0.851444291609354 0.948418156808803
0.876891334250344 0.963548830811554
0.820495185694636 0.942916093535076
0.854883081155433 0.952544704264099
0.837001375515818 0.955295735900963
0.844566712517194 0.962861072902338
0.830811554332875 0.952544704264099
0.854883081155433 0.948418156808803
0.862448418156809 0.946354883081155
0.84181568088033 0.954607977991747
0.867950481430536 0.961485557083906
0.825309491059147 0.947042640990371
0.859009628610729 0.955295735900963
0.874828060522696 0.952544704264099
0.839064649243466 0.955983493810179
0.852819807427785 0.956671251719395
0.852819807427785 0.962173314993122
0.830811554332875 0.933975240715268
0.821870701513067 0.951856946354883
0.86726272352132 0.958046767537827
0.823246217331499 0.949793672627235
0.836313617606602 0.943603851444292
0.842503438789546 0.949105914718019
0.859697386519945 0.94566712517194
0.808115543328748 0.929848693259972
0.834938101788171 0.955983493810179
0.836313617606602 0.953232462173315
0.830123796423659 0.950481430536451
0.820495185694636 0.93191196698762
0.843191196698762 0.955295735900963
0.841127922971114 0.949793672627235
0.872764786795048 0.969050894085282
0.864511691884457 0.957359009628611
0.826685006877579 0.944291609353508
0.814993122420908 0.946354883081155
0.848005502063274 0.958734525447043
0.84525447042641 0.958734525447043
0.855570839064649 0.962173314993122
0.843878954607978 0.949793672627235
0.810178817056396 0.936726272352132
0.873452544704264 0.951169188445667
0.832874828060523 0.948418156808803
0.839752407152682 0.948418156808803
0.83837689133425 0.955983493810179
0.830123796423659 0.947042640990371
0.836313617606602 0.958734525447043
0.81636863823934 0.936726272352132
0.839064649243466 0.96423658872077
0.889270976616231 0.96423658872077
0.852819807427785 0.955983493810179
0.839064649243466 0.953920220082531
0.873452544704264 0.969738651994498
0.847317744154058 0.947042640990371
0.850756533700138 0.962173314993122
0.857634112792297 0.958734525447043
0.837001375515818 0.950481430536451
0.825309491059147 0.947042640990371
0.829436038514443 0.947042640990371
0.808803301237964 0.944979367262723
0.872077028885832 0.966299862448418
0.842503438789546 0.954607977991747
0.828060522696011 0.949105914718019
0.850756533700138 0.943603851444292
0.834250343878955 0.948418156808803
0.853507565337001 0.955295735900963
0.841127922971114 0.953920220082531
0.832187070151307 0.946354883081155
0.858321870701513 0.961485557083906
0.848005502063274 0.949105914718019
0.865199449793673 0.958734525447043
0.863136176066025 0.949793672627235
0.817056396148556 0.957359009628611
0.837001375515818 0.932599724896836
0.854883081155433 0.96423658872077
0.850068775790922 0.960797799174691
0.831499312242091 0.953920220082531
0.830123796423659 0.949793672627235
0.829436038514443 0.948418156808803
0.864511691884457 0.959422283356259
0.822558459422283 0.950481430536451
0.845942228335626 0.952544704264099
0.8060522696011 0.929160935350757
0.843878954607978 0.949105914718019
0.817056396148556 0.937414030261348
0.817056396148556 0.944979367262723
0.843878954607978 0.947730398899587
0.839752407152682 0.940165061898212
0.868638239339752 0.97455295735901
0.84181568088033 0.954607977991747
0.855570839064649 0.960110041265475
0.850068775790922 0.950481430536451
0.837001375515818 0.960797799174691
0.831499312242091 0.946354883081155
0.84181568088033 0.955295735900963
0.84869325997249 0.955983493810179
0.870013755158184 0.966299862448418
0.84181568088033 0.949105914718019
0.840440165061898 0.953920220082531
0.865199449793673 0.963548830811554
0.855570839064649 0.955295735900963
0.842503438789546 0.940165061898212
0.852132049518569 0.952544704264099
0.823246217331499 0.928473177441541
0.847317744154058 0.955983493810179
0.868638239339752 0.957359009628611
0.852132049518569 0.961485557083906
0.837689133425034 0.946354883081155
0.875515818431912 0.962173314993122
0.847317744154058 0.947730398899587
0.832187070151307 0.950481430536451
0.837689133425034 0.943603851444292
0.822558459422283 0.936038514442916
0.824621733149931 0.951169188445667
0.820495185694636 0.944291609353508
0.844566712517194 0.960797799174691
0.830811554332875 0.94566712517194
0.851444291609354 0.951169188445667
0.829436038514443 0.944979367262723
0.84181568088033 0.952544704264099
0.846629986244842 0.950481430536451
0.848005502063274 0.951169188445667
0.862448418156809 0.955983493810179
0.848005502063274 0.958734525447043
0.84869325997249 0.955295735900963
0.832187070151307 0.947730398899587
0.839752407152682 0.944979367262723
0.84181568088033 0.949105914718019
0.820495185694636 0.94222833562586
0.883768913342503 0.971801925722146
0.848005502063274 0.950481430536451
0.866574965612105 0.963548830811554
0.862448418156809 0.956671251719395
0.81636863823934 0.940165061898212
0.836313617606602 0.951169188445667
0.812242090784044 0.923658872077029
0.843878954607978 0.939477303988996
0.840440165061898 0.951856946354883
0.863136176066025 0.953920220082531
0.84525447042641 0.939477303988996
0.823933975240715 0.947730398899587
0.870013755158184 0.949793672627235
0.825309491059147 0.957359009628611
0.854883081155433 0.955295735900963
0.854883081155433 0.962173314993122
0.812242090784044 0.939477303988996
0.832874828060523 0.949105914718019
0.803988995873453 0.940165061898212
0.823933975240715 0.931224209078404
0.818431911966988 0.938101788170564
0.835625859697387 0.955295735900963
0.818431911966988 0.937414030261348
0.810866574965612 0.943603851444292
0.84181568088033 0.947730398899587
0.834938101788171 0.960797799174691
0.870013755158184 0.959422283356259
0.837689133425034 0.954607977991747
0.808115543328748 0.943603851444292
0.873452544704264 0.960797799174691
0.858321870701513 0.953232462173315
0.854195323246217 0.961485557083906
0.831499312242091 0.947042640990371
0.853507565337001 0.955295735900963
0.854883081155433 0.954607977991747
0.843878954607978 0.955295735900963
0.855570839064649 0.958046767537827
0.858321870701513 0.958046767537827
0.844566712517194 0.944291609353508
0.842503438789546 0.958734525447043
0.81636863823934 0.947730398899587
0.833562585969739 0.947042640990371
0.856258596973865 0.951169188445667
0.884456671251719 0.965612104539202
0.863136176066025 0.962861072902338
0.842503438789546 0.960110041265475
0.879642365887208 0.960110041265475
0.841127922971114 0.949105914718019
0.859697386519945 0.956671251719395
0.843878954607978 0.951169188445667
0.803301237964237 0.931224209078404
0.84525447042641 0.94566712517194
0.850756533700138 0.954607977991747
0.852132049518569 0.964924346629986
0.826685006877579 0.938101788170564
0.828748280605227 0.947042640990371
0.817056396148556 0.949793672627235
0.858321870701513 0.947042640990371
0.839064649243466 0.943603851444292
0.848005502063274 0.948418156808803
0.817056396148556 0.94566712517194
0.861760660247593 0.963548830811554
0.863136176066025 0.955295735900963
0.843878954607978 0.953232462173315
0.832874828060523 0.944291609353508
0.773039889958735 0.926409903713893
0.830811554332875 0.939477303988996
0.855570839064649 0.963548830811554
0.857634112792297 0.959422283356259
0.834938101788171 0.951169188445667
0.824621733149931 0.944979367262723
0.821870701513067 0.931224209078404
0.848005502063274 0.962861072902338
0.863136176066025 0.968363136176066
0.857634112792297 0.955983493810179
0.863136176066025 0.950481430536451
0.846629986244842 0.948418156808803
0.854195323246217 0.958734525447043
0.853507565337001 0.947730398899587
0.828748280605227 0.946354883081155
0.826685006877579 0.94566712517194
0.858321870701513 0.958734525447043
0.830123796423659 0.940852819807428
0.854195323246217 0.953920220082531
0.847317744154058 0.950481430536451
0.87757909215956 0.958046767537827
0.828060522696011 0.944291609353508
0.821182943603851 0.953920220082531
0.863136176066025 0.956671251719395
0.841127922971114 0.963548830811554
0.854195323246217 0.953232462173315
0.861072902338377 0.953232462173315
0.843191196698762 0.942916093535076
0.858321870701513 0.956671251719395
0.83837689133425 0.944291609353508
0.848005502063274 0.944291609353508
0.848005502063274 0.952544704264099
0.83837689133425 0.953920220082531
0.852132049518569 0.958046767537827
0.850756533700138 0.949793672627235
0.852132049518569 0.963548830811554
0.834250343878955 0.951169188445667
0.828748280605227 0.949105914718019
0.833562585969739 0.943603851444292
0.857634112792297 0.953232462173315
0.844566712517194 0.948418156808803
0.829436038514443 0.951856946354883
0.839752407152682 0.943603851444292
0.849381017881706 0.949105914718019
0.819119669876204 0.947042640990371
0.844566712517194 0.960110041265475
0.873452544704264 0.965612104539202
0.845942228335626 0.950481430536451
0.872077028885832 0.951169188445667
0.861072902338377 0.951856946354883
0.831499312242091 0.94566712517194
0.857634112792297 0.954607977991747
0.817744154057772 0.946354883081155
0.819119669876204 0.952544704264099
0.852819807427785 0.944291609353508
0.842503438789546 0.957359009628611
0.856258596973865 0.949105914718019
0.828748280605227 0.936726272352132
0.845942228335626 0.952544704264099
0.825997248968363 0.944979367262723
0.859009628610729 0.966299862448418
0.824621733149931 0.944291609353508
0.850068775790922 0.962861072902338
0.858321870701513 0.960797799174691
0.835625859697387 0.950481430536451
0.818431911966988 0.942916093535076
0.819807427785419 0.951856946354883
0.839752407152682 0.943603851444292
0.844566712517194 0.962861072902338
0.861072902338377 0.955983493810179
0.825309491059147 0.938101788170564
0.843878954607978 0.948418156808803
0.855570839064649 0.953920220082531
0.814993122420908 0.940852819807428
0.818431911966988 0.933287482806052
0.863823933975241 0.962173314993122
0.830123796423659 0.955295735900963
0.824621733149931 0.942916093535076
0.832874828060523 0.957359009628611
0.834938101788171 0.949105914718019
0.867950481430536 0.963548830811554
0.847317744154058 0.950481430536451
0.846629986244842 0.958046767537827
0.850756533700138 0.950481430536451
0.824621733149931 0.94222833562586
0.832187070151307 0.953232462173315
0.871389270976616 0.958046767537827
0.86726272352132 0.96767537826685
0.832874828060523 0.958734525447043
0.837689133425034 0.947042640990371
0.803988995873453 0.943603851444292
0.830123796423659 0.933975240715268
0.832874828060523 0.951169188445667
0.852819807427785 0.94222833562586
0.832874828060523 0.953232462173315
0.821870701513067 0.944291609353508
0.84869325997249 0.958734525447043
0.852819807427785 0.949793672627235
0.834250343878955 0.94566712517194
0.852132049518569 0.962861072902338
0.846629986244842 0.953232462173315
0.845942228335626 0.952544704264099
0.810178817056396 0.951169188445667
0.852132049518569 0.963548830811554
0.829436038514443 0.943603851444292
0.832874828060523 0.954607977991747
0.86726272352132 0.954607977991747
0.83837689133425 0.939477303988996
0.825309491059147 0.936038514442916
0.836313617606602 0.939477303988996
0.836313617606602 0.936038514442916
0.856946354883081 0.953232462173315
0.854883081155433 0.963548830811554
0.859697386519945 0.962173314993122
0.848005502063274 0.952544704264099
0.825997248968363 0.93878954607978
0.852132049518569 0.957359009628611
0.859697386519945 0.955295735900963
0.850068775790922 0.956671251719395
0.837001375515818 0.944291609353508
0.834938101788171 0.93878954607978
0.835625859697387 0.964924346629986
0.871389270976616 0.96423658872077
0.830811554332875 0.951169188445667
0.834250343878955 0.948418156808803
0.870013755158184 0.96767537826685
0.866574965612105 0.957359009628611
0.840440165061898 0.952544704264099
0.830811554332875 0.944979367262723
0.857634112792297 0.94566712517194
0.825309491059147 0.936726272352132
0.826685006877579 0.944291609353508
0.855570839064649 0.958734525447043
0.852132049518569 0.94566712517194
0.841127922971114 0.962173314993122
0.850756533700138 0.952544704264099
0.845942228335626 0.950481430536451
0.841127922971114 0.939477303988996
0.832187070151307 0.950481430536451
0.81636863823934 0.937414030261348
0.830811554332875 0.944291609353508
0.825309491059147 0.953920220082531
0.847317744154058 0.962173314993122
0.840440165061898 0.951169188445667
0.821870701513067 0.950481430536451
0.828748280605227 0.940165061898212
0.820495185694636 0.943603851444292
0.841127922971114 0.947730398899587
0.827372764786795 0.942916093535076
0.853507565337001 0.960110041265475
0.835625859697387 0.952544704264099
0.844566712517194 0.963548830811554
0.813617606602476 0.940852819807428
0.844566712517194 0.960110041265475
0.814993122420908 0.941540577716644
0.854195323246217 0.958046767537827
0.842503438789546 0.954607977991747
0.850068775790922 0.953920220082531
0.826685006877579 0.947042640990371
0.843878954607978 0.948418156808803
0.863823933975241 0.959422283356259
0.863136176066025 0.951169188445667
0.851444291609354 0.958046767537827
0.819807427785419 0.944291609353508
0.878954607977992 0.962173314993122
0.835625859697387 0.956671251719395
0.845942228335626 0.960110041265475
0.821870701513067 0.94566712517194
0.833562585969739 0.952544704264099
0.847317744154058 0.955983493810179
0.852132049518569 0.949105914718019
0.828748280605227 0.944979367262723
0.84869325997249 0.950481430536451
0.844566712517194 0.943603851444292
0.853507565337001 0.956671251719395
0.830811554332875 0.953232462173315
0.856258596973865 0.958046767537827
0.859009628610729 0.958046767537827
0.876203576341128 0.958046767537827
0.859009628610729 0.962173314993122
0.850756533700138 0.958734525447043
0.84869325997249 0.941540577716644
0.852819807427785 0.956671251719395
0.843191196698762 0.962173314993122
0.854883081155433 0.953232462173315
0.855570839064649 0.947042640990371
0.859697386519945 0.964924346629986
0.819119669876204 0.937414030261348
0.858321870701513 0.947042640990371
0.8060522696011 0.954607977991747
0.828748280605227 0.943603851444292
0.837001375515818 0.950481430536451
0.852819807427785 0.951856946354883
0.867950481430536 0.949793672627235
0.827372764786795 0.954607977991747
0.830811554332875 0.949105914718019
0.84869325997249 0.960110041265475
0.834250343878955 0.942916093535076
0.827372764786795 0.948418156808803
0.854195323246217 0.951856946354883
0.862448418156809 0.955983493810179
0.827372764786795 0.953232462173315
0.833562585969739 0.949793672627235
0.810178817056396 0.934662998624484
0.844566712517194 0.951169188445667
0.84525447042641 0.957359009628611
0.820495185694636 0.940165061898212
0.854883081155433 0.955983493810179
0.842503438789546 0.907152682255846
0.8707015130674 0.960110041265475
0.834250343878955 0.94222833562586
0.84869325997249 0.951856946354883
0.8060522696011 0.9353507565337
0.837001375515818 0.946354883081155
0.848005502063274 0.933975240715268
0.828748280605227 0.949793672627235
0.837689133425034 0.955983493810179
0.810866574965612 0.947042640990371
0.834938101788171 0.956671251719395
0.845942228335626 0.941540577716644
0.851444291609354 0.960110041265475
0.846629986244842 0.914718019257221
0.83837689133425 0.947042640990371
0.84869325997249 0.948418156808803
0.831499312242091 0.948418156808803
0.84181568088033 0.955983493810179
0.867950481430536 0.963548830811554
0.835625859697387 0.923658872077029
0.830811554332875 0.951169188445667
0.842503438789546 0.953232462173315
0.834250343878955 0.940852819807428
0.848005502063274 0.951856946354883
0.823933975240715 0.947042640990371
0.863823933975241 0.952544704264099
0.844566712517194 0.960110041265475
0.831499312242091 0.909215955983494
0.832187070151307 0.940165061898212
0.830123796423659 0.958046767537827
0.83837689133425 0.949105914718019
0.825309491059147 0.949793672627235
0.850068775790922 0.951856946354883
0.856946354883081 0.952544704264099
0.834938101788171 0.920907840440165
0.844566712517194 0.949793672627235
0.84181568088033 0.953920220082531
0.84181568088033 0.951169188445667
0.853507565337001 0.93191196698762
