0.853507565337001 0.966299862448418
0.839752407152682 0.952544704264099
0.834250343878955 0.953232462173315
0.842503438789546 0.955983493810179
0.825997248968363 0.943603851444292
0.854883081155433 0.955295735900963
0.857634112792297 0.955983493810179
0.840440165061898 0.960110041265475
0.839752407152682 0.940165061898212
0.840440165061898 0.943603851444292
0.837689133425034 0.952544704264099
0.839752407152682 0.947730398899587
0.843878954607978 0.962173314993122
0.824621733149931 0.947042640990371
0.857634112792297 0.958046767537827
0.851444291609354 0.953232462173315
0.823246217331499 0.929848693259972
0.808803301237964 0.939477303988996
0.843878954607978 0.954607977991747
0.848005502063274 0.947730398899587
0.84525447042641 0.955983493810179
0.814305364511692 0.94566712517194
0.825997248968363 0.944291609353508
0.853507565337001 0.957359009628611
0.847317744154058 0.948418156808803
0.835625859697387 0.953232462173315
0.789546079779917 0.938101788170564
0.84181568088033 0.949793672627235
0.854195323246217 0.954607977991747
0.850068775790922 0.960110041265475
0.832874828060523 0.937414030261348
0.818431911966988 0.951856946354883
0.852132049518569 0.951856946354883
0.821870701513067 0.958046767537827
0.850068775790922 0.951169188445667
0.872764786795048 0.953920220082531
0.849381017881706 0.953232462173315
0.839064649243466 0.954607977991747
0.834250343878955 0.940165061898212
0.859697386519945 0.953920220082531
0.84525447042641 0.960110041265475
0.83837689133425 0.941540577716644
0.856258596973865 0.955983493810179
0.836313617606602 0.962861072902338
0.840440165061898 0.954607977991747
0.848005502063274 0.950481430536451
0.8060522696011 0.933287482806052
0.832187070151307 0.947730398899587
0.84181568088033 0.949793672627235
0.842503438789546 0.938101788170564
0.84869325997249 0.952544704264099
0.834250343878955 0.94566712517194
0.859009628610729 0.94566712517194
0.853507565337001 0.955295735900963
0.823933975240715 0.949105914718019
0.839752407152682 0.953920220082531
0.843878954607978 0.949105914718019
0.846629986244842 0.953920220082531
0.819807427785419 0.942916093535076
0.825997248968363 0.944979367262723
0.834938101788171 0.94222833562586
0.834938101788171 0.947042640990371
0.845942228335626 0.955295735900963
0.852132049518569 0.958046767537827
0.847317744154058 0.955983493810179
0.857634112792297 0.950481430536451
0.820495185694636 0.94566712517194
0.821182943603851 0.956671251719395
0.847317744154058 0.958046767537827
0.847317744154058 0.954607977991747
0.811554332874828 0.939477303988996
0.866574965612105 0.955983493810179
0.860385144429161 0.957359009628611
0.866574965612105 0.965612104539202
0.833562585969739 0.962861072902338
0.847317744154058 0.958046767537827
0.814305364511692 0.941540577716644
0.862448418156809 0.951856946354883
0.830123796423659 0.952544704264099
0.835625859697387 0.949793672627235
0.810178817056396 0.936726272352132
0.820495185694636 0.947730398899587
0.858321870701513 0.962173314993122
0.830123796423659 0.955983493810179
0.839064649243466 0.941540577716644
0.825997248968363 0.947042640990371
0.861072902338377 0.965612104539202
0.845942228335626 0.956671251719395
0.846629986244842 0.959422283356259
0.83837689133425 0.955295735900963
0.861760660247593 0.963548830811554
0.843878954607978 0.947730398899587
0.826685006877579 0.939477303988996
0.849381017881706 0.963548830811554
0.856946354883081 0.955295735900963
0.819807427785419 0.93191196698762
0.829436038514443 0.931224209078404
0.819807427785419 0.947042640990371
0.832187070151307 0.953920220082531
0.827372764786795 0.950481430536451
0.862448418156809 0.963548830811554
0.845942228335626 0.944979367262723
0.875515818431912 0.964924346629986
0.864511691884457 0.961485557083906
0.830123796423659 0.954607977991747
0.837001375515818 0.951169188445667
0.833562585969739 0.957359009628611
0.808803301237964 0.9353507565337
0.854195323246217 0.953920220082531
0.837001375515818 0.94222833562586
0.819807427785419 0.939477303988996
0.786795048143054 0.927097661623109
0.859697386519945 0.966987620357634
0.849381017881706 0.953920220082531
0.844566712517194 0.955295735900963
0.854195323246217 0.956671251719395
0.855570839064649 0.961485557083906
0.786795048143054 0.929848693259972
0.83837689133425 0.952544704264099
0.837689133425034 0.947042640990371
0.856946354883081 0.956671251719395
0.850756533700138 0.949105914718019
0.863136176066025 0.960110041265475
0.855570839064649 0.957359009628611
0.851444291609354 0.950481430536451
0.867950481430536 0.957359009628611
0.859697386519945 0.952544704264099
0.831499312242091 0.944291609353508
0.828060522696011 0.948418156808803
0.852819807427785 0.961485557083906
0.874828060522696 0.951169188445667
0.829436038514443 0.948418156808803
0.839752407152682 0.955295735900963
0.852132049518569 0.957359009628611
0.839064649243466 0.946354883081155
0.822558459422283 0.944291609353508
0.832187070151307 0.947042640990371
0.848005502063274 0.948418156808803
0.839752407152682 0.948418156808803
0.856946354883081 0.943603851444292
0.828748280605227 0.937414030261348
0.824621733149931 0.94566712517194
0.864511691884457 0.959422283356259
0.848005502063274 0.961485557083906
0.828060522696011 0.948418156808803
0.849381017881706 0.955295735900963
0.835625859697387 0.942916093535076
0.835625859697387 0.942916093535076
0.847317744154058 0.956671251719395
0.852819807427785 0.953232462173315
0.830123796423659 0.942916093535076
0.843878954607978 0.953920220082531
0.84525447042641 0.953232462173315
0.855570839064649 0.953232462173315
0.841127922971114 0.951169188445667
0.834250343878955 0.940852819807428
0.819807427785419 0.947730398899587
0.839064649243466 0.952544704264099
0.873452544704264 0.960110041265475
0.844566712517194 0.949793672627235
0.847317744154058 0.954607977991747
0.825309491059147 0.94566712517194
0.863136176066025 0.951169188445667
0.843878954607978 0.948418156808803
0.852819807427785 0.954607977991747
0.847317744154058 0.957359009628611
0.872077028885832 0.965612104539202
0.84525447042641 0.955983493810179
0.839064649243466 0.944291609353508
0.843191196698762 0.955295735900963
0.813617606602476 0.953920220082531
0.848005502063274 0.954607977991747
0.837689133425034 0.953232462173315
0.859009628610729 0.955983493810179
0.828060522696011 0.94222833562586
0.84869325997249 0.953232462173315
0.831499312242091 0.944979367262723
0.862448418156809 0.954607977991747
0.823933975240715 0.958046767537827
0.842503438789546 0.952544704264099
0.865199449793673 0.96767537826685
0.826685006877579 0.93878954607978
0.805364511691884 0.94222833562586
0.848005502063274 0.953920220082531
0.856946354883081 0.960110041265475
0.86726272352132 0.961485557083906
0.823246217331499 0.950481430536451
0.859009628610729 0.963548830811554
0.815680880330124 0.947042640990371
0.819119669876204 0.940852819807428
0.83837689133425 0.955983493810179
0.857634112792297 0.960110041265475
0.821182943603851 0.949105914718019
0.843878954607978 0.943603851444292
0.861760660247593 0.965612104539202
0.811554332874828 0.938101788170564
0.861760660247593 0.959422283356259
0.844566712517194 0.951169188445667
0.84525447042641 0.947730398899587
0.849381017881706 0.956671251719395
0.796423658872077 0.939477303988996
0.841127922971114 0.956671251719395
0.814305364511692 0.925034387895461
0.846629986244842 0.944979367262723
0.81636863823934 0.943603851444292
0.862448418156809 0.961485557083906
0.83837689133425 0.955983493810179
0.848005502063274 0.952544704264099
0.884456671251719 0.962861072902338
0.863136176066025 0.958046767537827
0.850756533700138 0.936726272352132
0.846629986244842 0.950481430536451
0.852132049518569 0.957359009628611
0.849381017881706 0.951169188445667
0.826685006877579 0.939477303988996
0.873452544704264 0.961485557083906
0.821870701513067 0.944291609353508
0.836313617606602 0.950481430536451
0.844566712517194 0.94222833562586
0.821870701513067 0.939477303988996
0.865887207702889 0.964924346629986
0.843191196698762 0.961485557083906
0.859009628610729 0.958046767537827
0.851444291609354 0.951856946354883
0.852819807427785 0.959422283356259
0.86726272352132 0.959422283356259
0.841127922971114 0.949105914718019
0.843878954607978 0.94566712517194
0.834250343878955 0.939477303988996
0.863136176066025 0.963548830811554
0.799174690508941 0.927097661623109
0.834250343878955 0.961485557083906
0.821182943603851 0.948418156808803
0.825309491059147 0.949105914718019
0.84869325997249 0.953232462173315
0.862448418156809 0.958046767537827
0.84869325997249 0.951169188445667
0.819807427785419 0.94566712517194
0.823933975240715 0.955295735900963
0.842503438789546 0.959422283356259
0.836313617606602 0.955983493810179
0.823933975240715 0.941540577716644
0.855570839064649 0.954607977991747
0.850068775790922 0.955983493810179
0.84181568088033 0.944291609353508
0.869325997248968 0.960110041265475
0.828060522696011 0.949793672627235
0.851444291609354 0.958046767537827
0.876891334250344 0.951856946354883
0.837689133425034 0.940852819807428
0.84869325997249 0.955295735900963
0.834938101788171 0.947042640990371
0.860385144429161 0.960797799174691
0.853507565337001 0.946354883081155
0.828060522696011 0.949105914718019
0.817744154057772 0.933287482806052
0.839064649243466 0.957359009628611
0.845942228335626 0.960110041265475
0.826685006877579 0.940852819807428
0.831499312242091 0.949793672627235
0.846629986244842 0.961485557083906
0.847317744154058 0.960110041265475
0.835625859697387 0.940852819807428
0.831499312242091 0.949793672627235
0.848005502063274 0.953232462173315
0.839752407152682 0.940852819807428
0.834250343878955 0.942916093535076
0.832187070151307 0.942916093535076
0.829436038514443 0.947730398899587
0.826685006877579 0.936726272352132
0.851444291609354 0.960110041265475
0.863823933975241 0.963548830811554
0.837001375515818 0.947730398899587
0.863136176066025 0.954607977991747
0.878266850068776 0.962861072902338
0.856258596973865 0.953232462173315
0.865199449793673 0.951856946354883
0.825997248968363 0.949793672627235
0.837689133425034 0.953232462173315
0.859697386519945 0.962173314993122
0.865887207702889 0.954607977991747
0.819119669876204 0.939477303988996
0.839064649243466 0.949793672627235
0.850756533700138 0.954607977991747
0.857634112792297 0.954607977991747
0.821182943603851 0.947730398899587
0.859009628610729 0.957359009628611
0.843191196698762 0.950481430536451
0.843878954607978 0.949793672627235
0.829436038514443 0.948418156808803
0.834250343878955 0.951169188445667
0.8707015130674 0.966299862448418
0.832187070151307 0.947042640990371
0.857634112792297 0.963548830811554
0.814305364511692 0.952544704264099
0.863823933975241 0.959422283356259
0.834250343878955 0.961485557083906
0.824621733149931 0.955983493810179
0.814305364511692 0.933975240715268
0.825309491059147 0.942916093535076
0.821182943603851 0.944979367262723
0.843878954607978 0.956671251719395
0.819119669876204 0.94566712517194
0.846629986244842 0.952544704264099
0.865887207702889 0.966299862448418
0.849381017881706 0.960110041265475
0.84181568088033 0.949793672627235
0.83837689133425 0.947730398899587
0.842503438789546 0.953920220082531
0.852819807427785 0.966987620357634
0.850756533700138 0.949793672627235
0.839064649243466 0.950481430536451
0.819807427785419 0.940852819807428
0.819119669876204 0.940165061898212
0.839752407152682 0.952544704264099
0.845942228335626 0.958734525447043
0.866574965612105 0.953920220082531
0.845942228335626 0.957359009628611
0.8060522696011 0.9353507565337
0.830811554332875 0.956671251719395
0.825309491059147 0.923658872077029
0.848005502063274 0.953920220082531
0.863823933975241 0.953232462173315
0.832187070151307 0.962173314993122
0.83837689133425 0.953920220082531
0.800550206327373 0.936726272352132
0.847317744154058 0.952544704264099
0.84525447042641 0.949793672627235
0.846629986244842 0.958046767537827
0.821182943603851 0.952544704264099
0.828748280605227 0.940165061898212
0.810866574965612 0.944979367262723
0.828748280605227 0.948418156808803
0.8707015130674 0.97111416781293
0.830811554332875 0.954607977991747
0.852819807427785 0.947730398899587
0.80949105914718 0.940165061898212
0.841127922971114 0.947042640990371
0.817744154057772 0.943603851444292
0.852132049518569 0.951169188445667
0.846629986244842 0.953920220082531
0.819119669876204 0.94222833562586
0.828748280605227 0.944979367262723
0.852819807427785 0.951856946354883
0.823246217331499 0.929160935350757
0.857634112792297 0.947730398899587
0.81636863823934 0.947042640990371
0.868638239339752 0.954607977991747
0.869325997248968 0.961485557083906
0.87757909215956 0.969738651994498
0.806740027510316 0.931224209078404
0.869325997248968 0.957359009628611
0.859697386519945 0.965612104539202
0.851444291609354 0.955295735900963
0.841127922971114 0.951169188445667
0.834938101788171 0.962861072902338
0.84525447042641 0.954607977991747
0.854195323246217 0.955295735900963
0.868638239339752 0.958734525447043
0.829436038514443 0.953232462173315
0.853507565337001 0.955983493810179
0.867950481430536 0.959422283356259
0.840440165061898 0.952544704264099
0.843878954607978 0.955295735900963
0.862448418156809 0.951856946354883
0.847317744154058 0.951169188445667
0.84869325997249 0.952544704264099
0.825309491059147 0.943603851444292
0.839752407152682 0.944979367262723
0.847317744154058 0.964924346629986
0.830811554332875 0.950481430536451
0.843878954607978 0.955295735900963
0.828748280605227 0.947042640990371
0.867950481430536 0.962173314993122
0.836313617606602 0.947042640990371
0.873452544704264 0.958046767537827
0.818431911966988 0.947042640990371
0.835625859697387 0.951169188445667
0.84525447042641 0.953232462173315
0.837001375515818 0.951169188445667
0.817744154057772 0.941540577716644
0.84181568088033 0.951856946354883
0.845942228335626 0.944979367262723
0.852819807427785 0.953920220082531
0.865887207702889 0.958046767537827
0.851444291609354 0.962173314993122
0.831499312242091 0.947042640990371
0.832187070151307 0.942916093535076
0.819119669876204 0.947042640990371
0.834938101788171 0.948418156808803
0.846629986244842 0.957359009628611
0.836313617606602 0.951169188445667
0.821182943603851 0.946354883081155
0.863823933975241 0.954607977991747
0.850756533700138 0.955295735900963
0.850756533700138 0.947730398899587
0.830123796423659 0.950481430536451
0.843191196698762 0.944291609353508
0.830123796423659 0.941540577716644
0.855570839064649 0.943603851444292
0.825997248968363 0.949105914718019
0.848005502063274 0.958046767537827
0.837001375515818 0.955295735900963
0.826685006877579 0.949793672627235
0.843191196698762 0.956671251719395
0.792984869325997 0.93878954607978
0.832187070151307 0.946354883081155
0.832187070151307 0.944291609353508
0.839064649243466 0.94566712517194
0.847317744154058 0.961485557083906
0.806740027510316 0.938101788170564
0.852819807427785 0.956671251719395
0.84525447042641 0.950481430536451
0.847317744154058 0.955983493810179
0.824621733149931 0.940165061898212
0.817056396148556 0.950481430536451
0.848005502063274 0.949793672627235
0.868638239339752 0.952544704264099
0.871389270976616 0.951856946354883
0.818431911966988 0.94566712517194
0.861760660247593 0.968363136176066
0.856946354883081 0.951169188445667
0.834250343878955 0.941540577716644
0.835625859697387 0.946354883081155
0.830123796423659 0.950481430536451
0.853507565337001 0.959422283356259
0.866574965612105 0.962861072902338
0.842503438789546 0.958734525447043
0.839064649243466 0.954607977991747
0.856946354883081 0.957359009628611
0.862448418156809 0.969050894085282
0.870013755158184 0.962861072902338
0.842503438789546 0.94566712517194
0.826685006877579 0.948418156808803
0.850756533700138 0.960797799174691
0.844566712517194 0.959422283356259
0.863136176066025 0.958046767537827
0.840440165061898 0.958046767537827
0.833562585969739 0.940852819807428
0.856946354883081 0.958734525447043
0.844566712517194 0.956671251719395
0.84181568088033 0.958734525447043
0.853507565337001 0.962173314993122
0.84869325997249 0.958734525447043
0.808803301237964 0.946354883081155
0.837001375515818 0.953232462173315
0.861760660247593 0.960110041265475
0.865887207702889 0.960110041265475
0.83837689133425 0.94566712517194
0.849381017881706 0.955983493810179
0.84525447042641 0.951856946354883
0.854195323246217 0.958734525447043
0.837689133425034 0.953920220082531
0.845942228335626 0.957359009628611
0.839752407152682 0.948418156808803
0.821870701513067 0.943603851444292
0.858321870701513 0.944979367262723
0.868638239339752 0.962861072902338
0.814305364511692 0.950481430536451
0.856946354883081 0.957359009628611
0.863136176066025 0.959422283356259
0.86726272352132 0.962861072902338
0.839752407152682 0.953232462173315
0.795048143053645 0.936038514442916
0.833562585969739 0.954607977991747
0.825997248968363 0.949793672627235
0.830811554332875 0.951169188445667
0.840440165061898 0.949793672627235
0.830123796423659 0.940852819807428
0.824621733149931 0.950481430536451
0.851444291609354 0.953232462173315
0.859009628610729 0.958734525447043
0.839752407152682 0.955295735900963
0.801925722145805 0.929848693259972
0.823933975240715 0.934662998624484
0.832187070151307 0.948418156808803
0.850756533700138 0.94566712517194
0.822558459422283 0.939477303988996
0.812242090784044 0.942916093535076
0.830123796423659 0.953232462173315
0.829436038514443 0.950481430536451
0.828060522696011 0.938101788170564
0.852819807427785 0.962861072902338
0.851444291609354 0.957359009628611
0.856946354883081 0.949793672627235
0.828748280605227 0.937414030261348
0.868638239339752 0.956671251719395
0.859697386519945 0.960797799174691
0.843191196698762 0.946354883081155
0.864511691884457 0.960797799174691
0.84525447042641 0.946354883081155
0.84869325997249 0.951169188445667
0.832187070151307 0.953232462173315
0.842503438789546 0.958046767537827
0.810178817056396 0.936726272352132
0.840440165061898 0.94566712517194
0.849381017881706 0.958734525447043
0.822558459422283 0.949793672627235
0.857634112792297 0.96423658872077
0.850756533700138 0.958046767537827
0.843191196698762 0.951856946354883
0.864511691884457 0.962173314993122
0.828060522696011 0.957359009628611
0.863823933975241 0.958734525447043
0.832187070151307 0.946354883081155
0.850756533700138 0.949105914718019
0.856946354883081 0.960110041265475
0.813617606602476 0.930536451169188
0.853507565337001 0.960797799174691
0.825309491059147 0.950481430536451
0.779229711141678 0.928473177441541
0.855570839064649 0.960110041265475
0.847317744154058 0.953920220082531
0.850756533700138 0.958734525447043
0.864511691884457 0.962861072902338
0.831499312242091 0.948418156808803
0.817056396148556 0.937414030261348
0.851444291609354 0.962861072902338
0.840440165061898 0.955295735900963
0.835625859697387 0.950481430536451
0.847317744154058 0.953232462173315
0.835625859697387 0.938101788170564
0.836313617606602 0.954607977991747
0.852132049518569 0.953232462173315
0.851444291609354 0.948418156808803
0.828060522696011 0.946354883081155
0.863823933975241 0.960110041265475
0.853507565337001 0.950481430536451
0.837001375515818 0.953920220082531
0.854195323246217 0.957359009628611
0.811554332874828 0.931224209078404
0.834938101788171 0.949793672627235
0.83837689133425 0.948418156808803
0.853507565337001 0.955983493810179
0.843191196698762 0.949105914718019
0.842503438789546 0.949793672627235
0.848005502063274 0.951169188445667
0.843191196698762 0.949105914718019
0.832874828060523 0.942916093535076
0.84869325997249 0.948418156808803
0.825997248968363 0.951856946354883
0.831499312242091 0.943603851444292
0.837001375515818 0.957359009628611
0.856946354883081 0.96423658872077
0.839752407152682 0.948418156808803
0.858321870701513 0.957359009628611
0.863823933975241 0.959422283356259
0.841127922971114 0.954607977991747
0.872077028885832 0.957359009628611
0.839752407152682 0.955983493810179
0.823933975240715 0.954607977991747
0.852132049518569 0.950481430536451
0.861760660247593 0.962861072902338
0.844566712517194 0.951856946354883
0.834938101788171 0.960110041265475
0.863136176066025 0.959422283356259
0.851444291609354 0.962173314993122
0.830811554332875 0.946354883081155
0.843191196698762 0.960110041265475
0.854883081155433 0.951856946354883
0.84181568088033 0.951169188445667
0.868638239339752 0.960797799174691
0.852819807427785 0.962861072902338
0.861760660247593 0.953920220082531
0.84869325997249 0.947042640990371
0.834938101788171 0.951169188445667
0.839752407152682 0.944291609353508
0.845942228335626 0.952544704264099
0.831499312242091 0.947042640990371
0.839752407152682 0.964924346629986
0.865199449793673 0.958734525447043
0.824621733149931 0.946354883081155
0.833562585969739 0.951856946354883
0.859697386519945 0.949793672627235
0.832187070151307 0.951169188445667
0.83837689133425 0.949793672627235
0.852819807427785 0.953232462173315
0.833562585969739 0.948418156808803
0.839064649243466 0.939477303988996
0.835625859697387 0.94566712517194
0.843191196698762 0.954607977991747
0.799862448418157 0.93878954607978
0.846629986244842 0.950481430536451
0.834938101788171 0.947730398899587
0.839064649243466 0.951856946354883
0.819119669876204 0.934662998624484
0.845942228335626 0.952544704264099
0.794360385144429 0.921595598349381
0.844566712517194 0.955295735900963
0.837689133425034 0.946354883081155
0.852819807427785 0.955295735900963
0.819807427785419 0.947042640990371
0.854883081155433 0.953232462173315
0.861760660247593 0.951856946354883
0.852132049518569 0.952544704264099
0.863823933975241 0.966987620357634
0.854883081155433 0.954607977991747
0.815680880330124 0.948418156808803
0.86726272352132 0.958046767537827
0.84181568088033 0.949793672627235
0.858321870701513 0.959422283356259
0.834250343878955 0.94222833562586
0.828060522696011 0.943603851444292
0.842503438789546 0.949793672627235
0.839064649243466 0.938101788170564
0.859697386519945 0.954607977991747
0.829436038514443 0.944291609353508
0.830811554332875 0.951856946354883
0.850756533700138 0.949105914718019
0.856946354883081 0.965612104539202
0.84181568088033 0.946354883081155
0.808115543328748 0.941540577716644
0.834938101788171 0.947042640990371
0.864511691884457 0.959422283356259
0.843191196698762 0.951169188445667
0.849381017881706 0.958734525447043
0.824621733149931 0.944291609353508
0.825309491059147 0.944979367262723
0.83837689133425 0.954607977991747
0.851444291609354 0.947730398899587
0.817744154057772 0.943603851444292
0.811554332874828 0.941540577716644
0.841127922971114 0.959422283356259
0.815680880330124 0.930536451169188
0.86726272352132 0.96423658872077
0.837689133425034 0.955295735900963
0.859697386519945 0.947730398899587
0.832187070151307 0.952544704264099
0.837001375515818 0.94566712517194
0.859697386519945 0.954607977991747
0.852819807427785 0.958046767537827
0.834250343878955 0.958046767537827
0.836313617606602 0.958734525447043
0.845942228335626 0.953920220082531
0.843191196698762 0.959422283356259
0.873452544704264 0.949105914718019
0.818431911966988 0.937414030261348
0.805364511691884 0.948418156808803
0.830811554332875 0.93878954607978
0.843878954607978 0.953232462173315
0.841127922971114 0.948418156808803
0.861072902338377 0.959422283356259
0.835625859697387 0.948418156808803
0.849381017881706 0.949793672627235
0.867950481430536 0.963548830811554
0.830123796423659 0.932599724896836
0.868638239339752 0.958046767537827
0.831499312242091 0.938101788170564
0.835625859697387 0.952544704264099
0.856946354883081 0.958734525447043
0.854883081155433 0.963548830811554
0.850756533700138 0.950481430536451
0.844566712517194 0.952544704264099
0.852132049518569 0.954607977991747
0.815680880330124 0.9353507565337
0.845942228335626 0.953232462173315
0.852132049518569 0.963548830811554
0.853507565337001 0.958734525447043
0.852819807427785 0.962861072902338
0.836313617606602 0.943603851444292
0.847317744154058 0.947042640990371
0.857634112792297 0.955983493810179
0.835625859697387 0.955295735900963
0.876203576341128 0.966987620357634
0.861072902338377 0.953920220082531
0.870013755158184 0.960797799174691
0.839752407152682 0.944291609353508
0.825309491059147 0.94566712517194
0.843878954607978 0.959422283356259
0.807427785419532 0.947042640990371
0.813617606602476 0.939477303988996
0.824621733149931 0.948418156808803
0.826685006877579 0.951169188445667
0.797111416781293 0.939477303988996
0.84181568088033 0.960797799174691
0.856258596973865 0.960110041265475
0.84869325997249 0.953232462173315
0.848005502063274 0.94566712517194
0.819807427785419 0.941540577716644
0.81636863823934 0.94566712517194
0.858321870701513 0.958734525447043
0.847317744154058 0.955295735900963
0.854195323246217 0.951169188445667
0.847317744154058 0.951169188445667
0.863823933975241 0.955983493810179
0.836313617606602 0.953920220082531
0.860385144429161 0.960110041265475
0.843191196698762 0.951169188445667
0.837001375515818 0.957359009628611
0.837001375515818 0.939477303988996
0.866574965612105 0.953232462173315
0.84869325997249 0.951169188445667
0.867950481430536 0.951169188445667
0.84525447042641 0.961485557083906
0.830123796423659 0.955295735900963
0.844566712517194 0.949793672627235
0.837001375515818 0.957359009628611
0.843191196698762 0.949105914718019
0.866574965612105 0.949793672627235
0.830811554332875 0.943603851444292
0.811554332874828 0.936038514442916
0.858321870701513 0.954607977991747
0.833562585969739 0.944979367262723
0.843191196698762 0.954607977991747
0.843878954607978 0.953232462173315
0.83837689133425 0.953232462173315
0.827372764786795 0.952544704264099
0.84525447042641 0.940165061898212
0.842503438789546 0.951169188445667
0.855570839064649 0.953920220082531
0.844566712517194 0.954607977991747
0.856258596973865 0.956671251719395
0.837001375515818 0.952544704264099
0.852132049518569 0.954607977991747
0.819119669876204 0.939477303988996
0.808115543328748 0.949793672627235
0.844566712517194 0.950481430536451
0.859009628610729 0.953232462173315
0.823246217331499 0.944979367262723
0.828060522696011 0.958734525447043
0.839752407152682 0.955295735900963
0.861760660247593 0.956671251719395
0.84181568088033 0.961485557083906
0.84525447042641 0.955295735900963
0.821182943603851 0.953920220082531
0.846629986244842 0.943603851444292
0.848005502063274 0.951856946354883
0.854195323246217 0.960110041265475
0.828060522696011 0.948418156808803
0.843191196698762 0.958046767537827
0.856946354883081 0.955983493810179
0.819807427785419 0.947730398899587
0.827372764786795 0.952544704264099
0.857634112792297 0.963548830811554
0.818431911966988 0.94222833562586
0.837001375515818 0.947730398899587
0.839064649243466 0.955295735900963
0.860385144429161 0.958046767537827
0.854195323246217 0.950481430536451
0.866574965612105 0.959422283356259
0.827372764786795 0.946354883081155
0.810866574965612 0.936726272352132
0.832187070151307 0.93878954607978
0.845942228335626 0.963548830811554
0.813617606602476 0.93878954607978
0.824621733149931 0.939477303988996
0.827372764786795 0.940165061898212
0.826685006877579 0.936038514442916
0.81292984869326 0.94222833562586
0.854195323246217 0.952544704264099
0.848005502063274 0.958734525447043
0.841127922971114 0.951856946354883
0.846629986244842 0.960797799174691
0.843878954607978 0.947042640990371
0.831499312242091 0.937414030261348
0.861072902338377 0.962173314993122
0.84869325997249 0.966987620357634
0.859009628610729 0.949793672627235
0.834938101788171 0.943603851444292
0.832187070151307 0.949793672627235
0.834250343878955 0.941540577716644
0.878266850068776 0.965612104539202
0.811554332874828 0.941540577716644
0.851444291609354 0.960797799174691
0.875515818431912 0.963548830811554
0.837689133425034 0.950481430536451
0.834938101788171 0.956671251719395
0.833562585969739 0.946354883081155
0.870013755158184 0.962861072902338
0.84869325997249 0.94566712517194
0.84181568088033 0.951169188445667
0.839752407152682 0.951169188445667
0.844566712517194 0.950481430536451
0.834938101788171 0.943603851444292
0.818431911966988 0.93878954607978
0.830811554332875 0.949793672627235
0.842503438789546 0.944979367262723
0.839752407152682 0.947730398899587
0.863136176066025 0.955983493810179
0.863823933975241 0.962173314993122
0.836313617606602 0.957359009628611
0.871389270976616 0.961485557083906
0.844566712517194 0.949105914718019
0.834938101788171 0.946354883081155
0.834250343878955 0.954607977991747
0.828748280605227 0.953232462173315
0.854195323246217 0.957359009628611
0.832187070151307 0.950481430536451
0.800550206327373 0.94222833562586
0.843878954607978 0.953920220082531
0.830123796423659 0.952544704264099
0.859009628610729 0.955295735900963
0.839064649243466 0.951169188445667
0.83837689133425 0.959422283356259
0.84181568088033 0.946354883081155
0.818431911966988 0.946354883081155
0.863136176066025 0.951169188445667
0.854883081155433 0.951169188445667
0.84181568088033 0.953232462173315
0.839064649243466 0.949793672627235
0.827372764786795 0.94566712517194
0.850068775790922 0.955983493810179
0.823933975240715 0.946354883081155
0.849381017881706 0.955295735900963
0.852819807427785 0.953232462173315
0.84525447042641 0.955983493810179
0.848005502063274 0.952544704264099
0.817744154057772 0.965612104539202
0.837001375515818 0.949793672627235
0.841127922971114 0.952544704264099
0.854195323246217 0.96423658872077
0.871389270976616 0.96767537826685
0.859697386519945 0.961485557083906
0.874828060522696 0.957359009628611
0.822558459422283 0.947042640990371
0.832187070151307 0.949793672627235
0.826685006877579 0.953232462173315
0.812242090784044 0.940852819807428
0.844566712517194 0.957359009628611
0.846629986244842 0.953920220082531
0.834938101788171 0.944291609353508
0.84181568088033 0.940165061898212
0.850756533700138 0.949105914718019
0.794360385144429 0.938101788170564
0.842503438789546 0.955295735900963
0.839064649243466 0.959422283356259
0.857634112792297 0.962173314993122
0.849381017881706 0.960110041265475
0.839752407152682 0.949105914718019
0.832187070151307 0.956671251719395
0.86726272352132 0.963548830811554
0.80949105914718 0.922283356258597
0.808115543328748 0.93191196698762
0.840440165061898 0.957359009628611
0.844566712517194 0.955295735900963
0.854883081155433 0.955983493810179
0.860385144429161 0.960797799174691
0.865887207702889 0.961485557083906
0.857634112792297 0.960797799174691
0.837689133425034 0.941540577716644
0.828060522696011 0.950481430536451
0.846629986244842 0.951169188445667
0.828748280605227 0.953920220082531
0.856258596973865 0.950481430536451
0.859697386519945 0.958734525447043
0.850756533700138 0.953920220082531
0.858321870701513 0.964924346629986
0.851444291609354 0.958734525447043
0.878954607977992 0.961485557083906
0.819807427785419 0.9353507565337
0.841127922971114 0.964924346629986
0.84525447042641 0.950481430536451
0.853507565337001 0.958734525447043
0.852819807427785 0.956671251719395
0.850068775790922 0.957359009628611
0.840440165061898 0.951856946354883
0.834250343878955 0.954607977991747
0.843191196698762 0.956671251719395
0.819807427785419 0.949105914718019
0.845942228335626 0.94566712517194
0.837001375515818 0.947042640990371
0.815680880330124 0.944979367262723
0.825997248968363 0.943603851444292
0.821182943603851 0.938101788170564
0.854883081155433 0.952544704264099
0.835625859697387 0.936038514442916
0.868638239339752 0.96423658872077
0.860385144429161 0.953920220082531
0.859009628610729 0.962861072902338
0.850756533700138 0.948418156808803
0.826685006877579 0.952544704264099
0.852132049518569 0.958046767537827
0.852132049518569 0.947730398899587
0.830811554332875 0.942916093535076
0.823933975240715 0.946354883081155
0.828748280605227 0.949793672627235
0.845942228335626 0.955295735900963
0.865887207702889 0.957359009628611
0.860385144429161 0.966299862448418
0.827372764786795 0.955295735900963
0.850756533700138 0.962173314993122
0.848005502063274 0.955295735900963
0.846629986244842 0.952544704264099
0.850756533700138 0.949793672627235
0.832187070151307 0.954607977991747
0.839752407152682 0.958734525447043
0.841127922971114 0.951856946354883
0.8707015130674 0.956671251719395
0.843878954607978 0.956671251719395
0.876891334250344 0.96423658872077
0.845942228335626 0.950481430536451
0.834250343878955 0.944979367262723
0.824621733149931 0.931224209078404
0.84525447042641 0.949105914718019
0.81636863823934 0.926409903713893
0.835625859697387 0.960110041265475
0.839064649243466 0.948418156808803
0.830123796423659 0.944979367262723
0.839752407152682 0.955295735900963
0.832187070151307 0.942916093535076
0.844566712517194 0.962173314993122
0.842503438789546 0.957359009628611
0.869325997248968 0.962173314993122
0.830123796423659 0.953232462173315
0.832874828060523 0.952544704264099
0.832874828060523 0.948418156808803
0.828060522696011 0.955295735900963
0.815680880330124 0.934662998624484
0.8707015130674 0.957359009628611
0.836313617606602 0.963548830811554
0.836313617606602 0.960110041265475
0.814305364511692 0.947042640990371
0.817744154057772 0.949105914718019
0.839752407152682 0.947042640990371
0.84181568088033 0.949793672627235
0.829436038514443 0.954607977991747
0.84869325997249 0.959422283356259
0.843191196698762 0.955295735900963
0.837001375515818 0.946354883081155
0.84525447042641 0.949793672627235
0.850068775790922 0.954607977991747
0.854195323246217 0.951856946354883
0.822558459422283 0.946354883081155
0.842503438789546 0.953232462173315
0.850068775790922 0.954607977991747
0.829436038514443 0.943603851444292
0.821182943603851 0.951169188445667
0.829436038514443 0.951169188445667
0.830123796423659 0.952544704264099
0.845942228335626 0.944979367262723
0.843878954607978 0.956671251719395
0.869325997248968 0.956671251719395
0.835625859697387 0.951169188445667
0.844566712517194 0.951169188445667
0.830811554332875 0.944979367262723
0.84181568088033 0.951856946354883
0.863823933975241 0.96423658872077
0.823933975240715 0.94566712517194
0.865199449793673 0.960110041265475
0.843191196698762 0.958734525447043
0.852819807427785 0.949793672627235
0.833562585969739 0.958046767537827
0.800550206327373 0.918156808803301
0.837689133425034 0.947730398899587
