0.865199449793673 0.960797799174691
0.834938101788171 0.951169188445667
0.848005502063274 0.950481430536451
0.836313617606602 0.944979367262723
0.802613480055021 0.928473177441541
0.861760660247593 0.961485557083906
0.828060522696011 0.94566712517194
0.846629986244842 0.953920220082531
0.813617606602476 0.942916093535076
0.837001375515818 0.955295735900963
0.840440165061898 0.949105914718019
0.847317744154058 0.953920220082531
0.824621733149931 0.947042640990371
0.84525447042641 0.953232462173315
0.841127922971114 0.953920220082531
0.834938101788171 0.951856946354883
0.872764786795048 0.957359009628611
0.866574965612105 0.961485557083906
0.84181568088033 0.943603851444292
0.848005502063274 0.949793672627235
0.865199449793673 0.952544704264099
0.83837689133425 0.949793672627235
0.814305364511692 0.941540577716644
0.832187070151307 0.944979367262723
0.865199449793673 0.957359009628611
0.835625859697387 0.951856946354883
0.871389270976616 0.96767537826685
0.832874828060523 0.943603851444292
0.830811554332875 0.953232462173315
0.84181568088033 0.956671251719395
0.830123796423659 0.951856946354883
0.837001375515818 0.951169188445667
0.845942228335626 0.954607977991747
0.850068775790922 0.958046767537827
0.832187070151307 0.950481430536451
0.832187070151307 0.957359009628611
0.830123796423659 0.951856946354883
0.871389270976616 0.961485557083906
0.868638239339752 0.955983493810179
0.866574965612105 0.958734525447043
0.788858321870701 0.932599724896836
0.848005502063274 0.952544704264099
0.851444291609354 0.959422283356259
0.822558459422283 0.944291609353508
0.852132049518569 0.960110041265475
0.841127922971114 0.942916093535076
0.803301237964237 0.923658872077029
0.836313617606602 0.942916093535076
0.86726272352132 0.96423658872077
0.84869325997249 0.953920220082531
0.854195323246217 0.955295735900963
0.839064649243466 0.957359009628611
0.836313617606602 0.958734525447043
0.841127922971114 0.951169188445667
0.859009628610729 0.952544704264099
0.855570839064649 0.949793672627235
0.850756533700138 0.953232462173315
0.832187070151307 0.951856946354883
0.837001375515818 0.958734525447043
0.854195323246217 0.949105914718019
0.856946354883081 0.951169188445667
0.842503438789546 0.942916093535076
0.824621733149931 0.948418156808803
0.862448418156809 0.956671251719395
0.867950481430536 0.969738651994498
0.878954607977992 0.969738651994498
0.836313617606602 0.950481430536451
0.850068775790922 0.957359009628611
0.856946354883081 0.961485557083906
0.839064649243466 0.93878954607978
0.832187070151307 0.949793672627235
0.832187070151307 0.955295735900963
0.87757909215956 0.97111416781293
0.861760660247593 0.951856946354883
0.859697386519945 0.963548830811554
0.840440165061898 0.955295735900963
0.850068775790922 0.960110041265475
0.812242090784044 0.949105914718019
0.817056396148556 0.938101788170564
0.861760660247593 0.96423658872077
0.86726272352132 0.964924346629986
0.828748280605227 0.944979367262723
0.832874828060523 0.949793672627235
0.86726272352132 0.962173314993122
0.86726272352132 0.951856946354883
0.843878954607978 0.949793672627235
0.821182943603851 0.932599724896836
0.830123796423659 0.959422283356259
0.862448418156809 0.955295735900963
0.851444291609354 0.96767537826685
0.859009628610729 0.950481430536451
0.808803301237964 0.934662998624484
0.830811554332875 0.955983493810179
0.823246217331499 0.946354883081155
0.828748280605227 0.958046767537827
0.854195323246217 0.957359009628611
0.84181568088033 0.955983493810179
0.848005502063274 0.949105914718019
0.859009628610729 0.956671251719395
0.842503438789546 0.944291609353508
0.815680880330124 0.94566712517194
0.848005502063274 0.962173314993122
0.856258596973865 0.961485557083906
0.83837689133425 0.949105914718019
0.861760660247593 0.953920220082531
0.855570839064649 0.950481430536451
0.833562585969739 0.941540577716644
0.821182943603851 0.948418156808803
0.839752407152682 0.949793672627235
0.849381017881706 0.946354883081155
0.819807427785419 0.943603851444292
0.850068775790922 0.959422283356259
0.853507565337001 0.958046767537827
0.865887207702889 0.965612104539202
0.792984869325997 0.9353507565337
0.837001375515818 0.947730398899587
0.863136176066025 0.952544704264099
0.823246217331499 0.953232462173315
0.84525447042641 0.951856946354883
0.832874828060523 0.953920220082531
0.842503438789546 0.94566712517194
0.837001375515818 0.943603851444292
0.866574965612105 0.956671251719395
0.87757909215956 0.958046767537827
0.839064649243466 0.952544704264099
0.814993122420908 0.943603851444292
0.823933975240715 0.942916093535076
0.821182943603851 0.949793672627235
0.844566712517194 0.94222833562586
0.848005502063274 0.955295735900963
0.801237964236589 0.934662998624484
0.828060522696011 0.944979367262723
0.859697386519945 0.960110041265475
0.829436038514443 0.949793672627235
0.815680880330124 0.933975240715268
0.829436038514443 0.947042640990371
0.830811554332875 0.947042640990371
0.863823933975241 0.959422283356259
0.835625859697387 0.948418156808803
0.823246217331499 0.944979367262723
0.829436038514443 0.94222833562586
0.83837689133425 0.944291609353508
0.872077028885832 0.958734525447043
0.849381017881706 0.954607977991747
0.848005502063274 0.940165061898212
0.863136176066025 0.959422283356259
0.822558459422283 0.94222833562586
0.87757909215956 0.962861072902338
0.859009628610729 0.962861072902338
0.8060522696011 0.936038514442916
0.810866574965612 0.937414030261348
0.865199449793673 0.96423658872077
0.837001375515818 0.953920220082531
0.823246217331499 0.937414030261348
0.854195323246217 0.960797799174691
0.833562585969739 0.947730398899587
0.831499312242091 0.941540577716644
0.832874828060523 0.9353507565337
0.859009628610729 0.955983493810179
0.841127922971114 0.938101788170564
0.833562585969739 0.950481430536451
0.824621733149931 0.952544704264099
0.858321870701513 0.959422283356259
0.866574965612105 0.96767537826685
0.847317744154058 0.955295735900963
0.872764786795048 0.971801925722146
0.848005502063274 0.955295735900963
0.803988995873453 0.926409903713893
0.844566712517194 0.947730398899587
0.854195323246217 0.955295735900963
0.813617606602476 0.942916093535076
0.81292984869326 0.938101788170564
0.84181568088033 0.947042640990371
0.834938101788171 0.944979367262723
0.786107290233838 0.929848693259972
0.854883081155433 0.963548830811554
0.856258596973865 0.954607977991747
0.837001375515818 0.94566712517194
0.835625859697387 0.94566712517194
0.857634112792297 0.960797799174691
0.841127922971114 0.948418156808803
0.818431911966988 0.947730398899587
0.84181568088033 0.962861072902338
0.851444291609354 0.951169188445667
0.852132049518569 0.953232462173315
0.818431911966988 0.93191196698762
0.865887207702889 0.953232462173315
0.858321870701513 0.960797799174691
0.826685006877579 0.950481430536451
0.861760660247593 0.951169188445667
0.841127922971114 0.956671251719395
0.832874828060523 0.953920220082531
0.854195323246217 0.959422283356259
0.818431911966988 0.950481430536451
0.864511691884457 0.953920220082531
0.829436038514443 0.949105914718019
0.811554332874828 0.94222833562586
0.856946354883081 0.958734525447043
0.819119669876204 0.944979367262723
0.865887207702889 0.951169188445667
0.834938101788171 0.951169188445667
0.794360385144429 0.921595598349381
0.854195323246217 0.955295735900963
0.856258596973865 0.953232462173315
0.819119669876204 0.94566712517194
0.859009628610729 0.952544704264099
0.807427785419532 0.936726272352132
0.842503438789546 0.941540577716644
0.849381017881706 0.947730398899587
0.842503438789546 0.946354883081155
0.818431911966988 0.932599724896836
0.812242090784044 0.944979367262723
0.810178817056396 0.941540577716644
0.856258596973865 0.955983493810179
0.815680880330124 0.933975240715268
0.854195323246217 0.957359009628611
0.837689133425034 0.956671251719395
0.839752407152682 0.93878954607978
0.854883081155433 0.959422283356259
0.839064649243466 0.960110041265475
0.836313617606602 0.942916093535076
0.856946354883081 0.955295735900963
0.849381017881706 0.955983493810179
0.862448418156809 0.960797799174691
0.850068775790922 0.949793672627235
0.849381017881706 0.946354883081155
0.844566712517194 0.953232462173315
0.824621733149931 0.950481430536451
0.845942228335626 0.946354883081155
0.839064649243466 0.947042640990371
0.833562585969739 0.944291609353508
0.834938101788171 0.946354883081155
0.835625859697387 0.950481430536451
0.846629986244842 0.954607977991747
0.879642365887208 0.965612104539202
0.834938101788171 0.942916093535076
0.864511691884457 0.962861072902338
0.832874828060523 0.953232462173315
0.824621733149931 0.947730398899587
0.849381017881706 0.951856946354883
0.821870701513067 0.941540577716644
0.864511691884457 0.954607977991747
0.862448418156809 0.962173314993122
0.810178817056396 0.93878954607978
0.836313617606602 0.949793672627235
0.80949105914718 0.941540577716644
0.839064649243466 0.959422283356259
0.861072902338377 0.953920220082531
0.835625859697387 0.939477303988996
0.850756533700138 0.949105914718019
0.826685006877579 0.938101788170564
0.845942228335626 0.959422283356259
0.854195323246217 0.955983493810179
0.842503438789546 0.956671251719395
0.818431911966988 0.947042640990371
0.849381017881706 0.958734525447043
0.852819807427785 0.950481430536451
0.834938101788171 0.953232462173315
0.854883081155433 0.959422283356259
0.835625859697387 0.947042640990371
0.844566712517194 0.944291609353508
0.825997248968363 0.954607977991747
0.805364511691884 0.94566712517194
0.839064649243466 0.951856946354883
0.820495185694636 0.950481430536451
0.864511691884457 0.962173314993122
