28
424
558
754
448
677
703
745
150
375
256
402
213
329
99
797
136
541
757
140
631
331
620
237
467
722
535
5
553
312
698
534
24
106
261
399
306
144
690
627
50
729
674
1
760
423
39
162
628
707
488
581
178
489
435
27
36
548
421
678
689
582
508
527
544
685
713
357
186
34
765
223
453
510
391
7
322
514
679
793
641
400
267
397
78
259
736
285
645
43
495
502
550
522
709
392
287
473
675
110
769
372
84
381
499
265
505
263
138
661
636
310
718
269
92
209
792
183
358
104
146
547
430
717
506
699
429
212
416
258
348
218
783
315
565
602
657
60
523
759
497
701
779
788
278
732
365
151
733
596
202
761
363
598
782
210
295
646
751
26
794
75
570
171
88
222
311
691
702
404
791
215
67
166
254
30
695
526
593
356
555
302
13
120
589
141
741
739
708
193
585
303
652
469
4
669
246
351
313
360
635
152
588
46
507
284
577
105
640
398
662
38
551
14
533
654
139
463
529
724
648
622
227
554
336
388
8
255
726
297
95
513
449
772
194
23
339
48
82
528
795
155
781
337
785
655
464
97
301
115
157
40
546
262
687
758
165
710
239
367
712
201
496
232
775
407
676
191
639
114
597
428
552
291
268
321
294
696
65
47
174
592
132
6
175
540
542
670
111
494
498
485
57
721
198
76
230
431
461
42
501
235
411
231
643
419
610
634
786
364
574
203
706
474
286
752
116
338
521
208
277
644
412
59
94
401
738
442
562
168
149
515
705
436
447
680
64
251
270
122
626
33
476
211
608
763
370
73
451
107
240
366
700
172
347
692
704
450
17
480
734
355
142
219
445
121
764
326
125
621
491
61
299
479
91
71
200
86
260
220
236
10
539
378
119
524
723
470
350
441
147
16
438
159
252
293
625
207
154
777
