351
378
674
157
295
274
255
477
576
147
598
265
789
638
236
765
166
463
354
262
300
190
245
501
788
781
470
386
233
191
775
721
695
34
169
276
20
433
97
95
729
406
637
181
655
239
189
797
39
475
587
759
250
458
277
361
552
687
23
542
736
256
661
760
651
155
234
240
520
197
755
626
388
469
602
301
32
138
96
254
222
149
562
312
364
679
631
65
528
212
431
410
415
143
35
412
270
563
294
778
446
397
422
323
570
696
272
538
9
396
260
241
494
235
596
194
204
282
168
120
783
611
117
514
554
742
305
521
299
252
321
531
466
790
572
4
394
116
647
358
196
141
18
613
568
17
750
473
541
368
188
716
218
159
172
101
314
224
553
180
390
684
16
283
275
409
413
654
630
229
337
776
201
369
488
648
208
167
148
658
515
567
784
737
214
316
757
623
593
387
529
419
383
40
266
628
25
709
51
622
621
60
177
607
395
288
619
653
726
405
375
198
604
162
548
370
63
112
680
43
10
629
183
309
91
304
761
7
728
486
49
247
67
657
3
371
238
685
285
656
303
75
333
603
367
689
246
211
535
125
160
161
462
248
199
103
482
280
601
691
566
37
109
578
551
264
799
50
738
335
154
279
495
58
555
382
597
184
457
444
392
800
417
121
558
249
227
717
574
78
748
5
698
56
650
733
206
751
88
163
11
15
328
547
485
310
489
438
646
672
355
54
499
675
352
522
380
455
732
320
632
93
712
210
164
113
261
639
326
345
286
24
418
710
487
715
47
436
516
13
498
118
84
447
232
407
393
318
257
484
209
589
785
105
142
496
421
244
72
577
504
703
771
532
315
490
85
491
28
575
31
237
769
608
701
659
179
331
697
677
195
774
263
509
616
465
549
292
182
582
556
644
511
251
267
669
714
136
391
226
