779
227
786
223
380
181
38
700
796
216
699
516
598
611
178
627
292
387
589
631
151
675
655
561
659
346
454
159
748
480
515
37
60
795
225
376
203
25
580
362
633
10
69
29
399
668
638
766
348
327
582
329
176
594
255
338
164
617
8
692
566
681
52
576
518
442
483
368
21
793
422
590
396
385
307
234
690
425
737
103
248
421
386
465
315
140
321
602
647
730
36
390
493
528
141
372
246
150
446
259
222
741
182
777
687
628
745
106
792
685
360
297
738
495
438
443
179
708
721
344
719
406
221
555
195
352
134
7
127
339
440
403
615
214
571
657
382
498
245
448
432
771
398
241
646
776
526
322
464
408
50
481
496
570
760
196
86
473
217
67
413
544
358
780
238
461
156
543
198
626
331
75
351
104
508
240
402
389
266
648
501
453
218
354
547
587
683
487
624
608
109
243
85
572
359
289
523
286
660
188
302
747
510
725
449
619
573
412
369
212
718
689
43
17
357
166
133
472
799
768
333
291
714
753
512
228
294
152
148
3
78
15
31
229
639
736
174
319
694
117
756
717
65
733
189
477
330
298
5
605
287
116
66
578
790
201
388
367
97
784
365
761
456
393
326
107
44
734
113
724
395
41
607
184
788
529
410
531
457
558
153
35
219
677
252
763
99
324
549
423
137
682
419
665
567
444
79
744
187
28
789
356
311
550
669
209
640
18
564
469
676
205
577
168
185
542
641
318
230
553
257
658
211
57
749
55
414
497
90
54
26
436
476
625
411
726
253
68
713
530
323
586
636
264
313
213
378
126
696
226
171
475
532
643
595
649
524
695
96
118
762
499
539
232
775
144
527
125
233
517
122
24
27
597
697
49
632
451
361
785
505
612
585
424
435
100
534
177
59
210
305
434
417
635
634
728
755
752
489
450
