0.995 0.98375 0.95875 0.905 0.81
0.995 0.98125 0.96 0.925 0.8375
0.98625 0.9675 0.92375 0.87375 0.765
0.99 0.98125 0.9425 0.8975 0.80125
0.9925 0.985 0.96125 0.9125 0.8125
0.9925 0.9775 0.93875 0.89375 0.78125
0.9975 0.985 0.95875 0.9125 0.83
0.98875 0.9775 0.93625 0.87875 0.7675
0.99125 0.98 0.955 0.89125 0.78375
0.9925 0.9875 0.945 0.89 0.7875
0.995 0.985 0.96625 0.93 0.8225
0.9925 0.9725 0.935 0.875 0.76875
0.99375 0.9825 0.96125 0.9 0.8075
0.99125 0.98125 0.955 0.905 0.79
0.99 0.96875 0.94125 0.89375 0.79125
0.99375 0.98125 0.95375 0.9075 0.8125
0.99625 0.98875 0.95375 0.9025 0.78875
0.9925 0.9775 0.95625 0.91 0.805
0.99625 0.99125 0.9725 0.92625 0.835
0.9875 0.97375 0.945 0.9 0.79
0.99375 0.985 0.96 0.92125 0.8275
0.99375 0.98125 0.955 0.91625 0.815
0.995 0.9925 0.965 0.925 0.84125
0.9975 0.995 0.96875 0.92875 0.83125
0.98875 0.9725 0.93375 0.86375 0.755
0.99125 0.97625 0.94625 0.88375 0.79
0.97875 0.95875 0.90875 0.85625 0.77125
0.99 0.98 0.9525 0.9025 0.79125
0.9925 0.97375 0.9425 0.8925 0.79
0.99875 0.98875 0.9625 0.93125 0.825
0.9925 0.985 0.95875 0.9 0.81625
0.995 0.98125 0.94625 0.89375 0.815
0.9925 0.98625 0.96875 0.91375 0.8275
0.99375 0.9825 0.9475 0.89125 0.7875
0.99875 0.98625 0.9625 0.91875 0.82875
0.9925 0.97875 0.94875 0.895 0.79375
0.995 0.98375 0.94625 0.88 0.78125
0.97875 0.9575 0.925 0.86 0.74375
0.99375 0.98 0.95 0.9075 0.81625
0.99125 0.975 0.94 0.90125 0.81375
0.995 0.985 0.95625 0.88625 0.7725
0.99375 0.98875 0.9725 0.93375 0.85
0.99625 0.985 0.96125 0.91125 0.80875
0.9925 0.98 0.9525 0.89625 0.7975
0.99625 0.98125 0.955 0.905 0.80375
0.9975 0.9825 0.945 0.89 0.765
0.9875 0.9675 0.92375 0.86875 0.7625
0.99625 0.98 0.9575 0.91875 0.8375
0.9975 0.9925 0.96875 0.92875 0.84625
0.9975 0.9875 0.95875 0.9275 0.8225
0.9925 0.97875 0.9525 0.90625 0.8125
0.99375 0.9825 0.94625 0.895 0.815
0.98625 0.97375 0.94375 0.90125 0.80625
0.98375 0.97 0.93125 0.87625 0.76625
0.99375 0.985 0.9525 0.905 0.8075
0.99375 0.98125 0.95125 0.905 0.8075
0.99625 0.99 0.95875 0.90875 0.8075
0.9925 0.98 0.9475 0.89375 0.79
0.9975 0.99 0.97375 0.93625 0.84125
0.99375 0.9825 0.94125 0.9025 0.7975
0.98875 0.9775 0.94375 0.865 0.76
0.995 0.985 0.96 0.91625 0.805
0.9975 0.9925 0.9725 0.92375 0.85375
0.9925 0.9775 0.9475 0.91125 0.82
0.9875 0.98125 0.95625 0.9125 0.79375
0.99125 0.97875 0.95375 0.90375 0.8
0.9875 0.9775 0.94875 0.89875 0.8025
0.99125 0.9825 0.9625 0.91 0.81125
0.975 0.95625 0.91125 0.83875 0.725
0.99 0.97125 0.9375 0.86125 0.765
0.9875 0.97125 0.94 0.87875 0.78375
0.99625 0.98625 0.96 0.91125 0.81875
0.98375 0.96375 0.91375 0.84125 0.7225
0.98875 0.97875 0.94125 0.88 0.76125
0.995 0.9875 0.9575 0.92875 0.84375
0.9975 0.99125 0.96875 0.91375 0.82375
0.99875 0.9925 0.9725 0.925 0.8375
0.99375 0.98625 0.97 0.93375 0.86125
0.99125 0.98125 0.9475 0.90875 0.81125
0.995 0.98 0.96 0.91625 0.815
0.99375 0.985 0.9575 0.915 0.81625
0.99125 0.97125 0.92875 0.8775 0.78
0.9925 0.97875 0.9575 0.9 0.80375
0.99875 0.995 0.97125 0.935 0.8525
0.99625 0.97875 0.9425 0.8975 0.8025
0.99375 0.98375 0.95625 0.90125 0.8
0.98875 0.9775 0.9575 0.8825 0.79
0.985 0.97125 0.93375 0.87625 0.77
0.9875 0.9725 0.9525 0.8925 0.79125
0.99625 0.98375 0.94 0.89875 0.7925
0.97875 0.955 0.9025 0.8525 0.75125
0.99125 0.9775 0.94125 0.88375 0.79125
0.99375 0.98125 0.955 0.8975 0.80125
0.98875 0.96375 0.93375 0.8875 0.8
0.9925 0.97625 0.945 0.875 0.77125
0.99 0.98125 0.95625 0.9175 0.8325
0.98875 0.9775 0.94125 0.8825 0.77875
0.99125 0.97 0.945 0.8875 0.7775
0.98875 0.98 0.94875 0.89375 0.785
0.99125 0.9725 0.94 0.90375 0.8
0.99125 0.975 0.9375 0.8725 0.775
0.98625 0.97375 0.93875 0.8775 0.78625
0.98625 0.9775 0.935 0.885 0.765
0.98625 0.9675 0.92625 0.8625 0.7675
0.99375 0.9825 0.9475 0.89125 0.7675
0.9925 0.98 0.9475 0.9025 0.81625
0.995 0.98125 0.94 0.87625 0.77875
0.995 0.97625 0.9475 0.8975 0.785
0.995 0.98 0.95 0.90375 0.8125
0.9975 0.9925 0.975 0.9325 0.825
0.99125 0.97875 0.95375 0.89875 0.80375
0.99375 0.9775 0.94625 0.89375 0.78875
0.98625 0.95625 0.91875 0.85 0.75125
0.99 0.97125 0.9325 0.875 0.75875
0.99375 0.98375 0.95625 0.91625 0.82125
0.99375 0.9725 0.94375 0.9025 0.79875
0.995 0.985 0.9425 0.895 0.79375
0.9925 0.9875 0.96625 0.925 0.85125
0.9875 0.97125 0.94 0.88125 0.7475
0.9925 0.975 0.945 0.88375 0.78875
0.995 0.9825 0.955 0.9075 0.81625
0.99 0.97625 0.94625 0.8925 0.8025
0.9875 0.97 0.9375 0.885 0.76625
0.98625 0.97125 0.9375 0.87625 0.75375
0.99125 0.97375 0.92625 0.86375 0.76875
0.99375 0.9875 0.95875 0.91875 0.84125
0.99625 0.9875 0.96375 0.915 0.81125
0.99375 0.97875 0.9475 0.90375 0.8125
0.9925 0.9775 0.96 0.92625 0.84125
0.99625 0.99 0.96625 0.9125 0.82
0.9825 0.965 0.9275 0.86625 0.76875
0.995 0.98875 0.95125 0.89625 0.8125
0.99375 0.985 0.94375 0.8775 0.77
0.98875 0.975 0.95375 0.905 0.8125
0.98375 0.96875 0.93375 0.8875 0.78375
0.99125 0.98125 0.94875 0.9025 0.8125
0.99625 0.99125 0.96875 0.9225 0.815
0.9875 0.97375 0.93625 0.885 0.78125
0.995 0.98 0.94625 0.88125 0.78875
0.99625 0.98125 0.95375 0.88625 0.79375
0.99375 0.9825 0.9575 0.92 0.8275
0.985 0.96125 0.92375 0.86625 0.7675
0.98375 0.97 0.94125 0.89 0.79375
0.9925 0.98 0.95 0.91125 0.8175
0.9975 0.9875 0.96375 0.9025 0.825
0.99625 0.98 0.95625 0.91125 0.82125
0.9875 0.96375 0.9225 0.875 0.77375
0.99375 0.9825 0.96 0.91375 0.83125
0.9925 0.98 0.95625 0.91375 0.83375
0.99375 0.98 0.9425 0.8875 0.785
0.99 0.97625 0.93625 0.88 0.76
0.99125 0.985 0.96 0.9125 0.82125
0.995 0.98625 0.95625 0.9075 0.8175
0.9925 0.98375 0.94375 0.88625 0.79
0.9975 0.9925 0.96875 0.93375 0.82125
0.98625 0.96 0.925 0.86875 0.76625
0.995 0.9875 0.95625 0.90125 0.7775
0.9975 0.98375 0.96 0.92 0.825
0.99875 0.99625 0.97375 0.91 0.82375
0.9925 0.9775 0.9525 0.90375 0.8
0.98875 0.96625 0.92 0.8425 0.73375
0.995 0.985 0.95375 0.8775 0.77625
0.99125 0.98125 0.93875 0.8925 0.775
0.9975 0.9875 0.97 0.92875 0.82375
0.9825 0.97 0.935 0.885 0.775
1 0.97875 0.9475 0.88625 0.78
0.9925 0.97375 0.94125 0.88625 0.795
0.99 0.9775 0.93875 0.88 0.7675
0.99375 0.98125 0.95 0.90125 0.82
0.98375 0.97 0.9375 0.89125 0.7825
0.995 0.98 0.9475 0.90875 0.82
0.9875 0.975 0.94375 0.88625 0.79125
0.99375 0.9875 0.955 0.9275 0.82625
0.995 0.98375 0.955 0.91875 0.825
0.995 0.97875 0.9525 0.9025 0.805
0.99125 0.97375 0.9375 0.89875 0.80625
0.99 0.97125 0.94625 0.8825 0.78
0.9975 0.99125 0.96625 0.90875 0.8075
0.98625 0.975 0.95 0.90625 0.80375
0.9925 0.97625 0.9475 0.8925 0.77125
0.9825 0.96 0.91875 0.855 0.7675
0.9875 0.9675 0.93 0.8575 0.7775
0.99625 0.98375 0.95625 0.90625 0.8
0.98375 0.97 0.935 0.88875 0.7675
0.99 0.975 0.9375 0.89625 0.79875
0.99125 0.98375 0.94625 0.9 0.795
0.9925 0.97875 0.95375 0.9025 0.78875
0.99125 0.97 0.9325 0.87625 0.78
0.985 0.9625 0.92375 0.86375 0.7575
0.99375 0.98375 0.9525 0.88625 0.8025
0.9975 0.97875 0.9375 0.89 0.76
0.98875 0.97125 0.94125 0.88125 0.77
0.9875 0.965 0.94125 0.88 0.7725
0.9925 0.9825 0.94625 0.8875 0.79625
0.99 0.9725 0.91875 0.86125 0.75
0.99 0.97375 0.93 0.8825 0.78
0.9925 0.97875 0.9475 0.8875 0.7875
0.9925 0.98125 0.95 0.88125 0.7825
0.98625 0.96875 0.9225 0.87125 0.765
0.99375 0.9775 0.93875 0.87625 0.76
0.99125 0.98125 0.95375 0.8975 0.80375
0.995 0.985 0.975 0.94375 0.8475
0.9975 0.99 0.9675 0.92625 0.815
0.9925 0.97 0.93375 0.87625 0.7675
0.99375 0.985 0.95875 0.9 0.8075
0.9875 0.97125 0.95375 0.9125 0.82875
0.9975 0.9825 0.9525 0.91 0.79125
0.9975 0.985 0.96 0.92 0.82625
0.99125 0.9775 0.96 0.91375 0.80875
0.9925 0.9825 0.9425 0.89625 0.77625
0.99125 0.98375 0.95875 0.91 0.815
0.985 0.9575 0.9225 0.85625 0.73875
0.9925 0.97125 0.94 0.8975 0.785
0.99 0.97875 0.94625 0.89875 0.81125
0.99125 0.98875 0.9575 0.9075 0.80375
0.995 0.9875 0.96375 0.895 0.7875
0.99375 0.985 0.95375 0.90875 0.79125
0.98875 0.97625 0.93875 0.88875 0.7875
0.9975 0.9875 0.9725 0.93625 0.83
0.99375 0.9725 0.94375 0.90125 0.80125
0.9875 0.97375 0.95 0.8975 0.795
0.99375 0.97875 0.94375 0.8775 0.79375
0.98875 0.97 0.93625 0.8625 0.7675
0.99125 0.98375 0.96125 0.9275 0.83625
0.98625 0.97125 0.925 0.86 0.765
0.99875 0.99125 0.9725 0.93375 0.82875
0.99 0.985 0.94875 0.89 0.80625
0.995 0.985 0.96375 0.91625 0.8325
0.9925 0.985 0.94375 0.9025 0.7875
0.995 0.9875 0.9625 0.91125 0.83625
0.99625 0.99 0.96375 0.9175 0.80875
0.9875 0.9725 0.935 0.8725 0.77625
0.99625 0.9825 0.9575 0.91625 0.8225
0.98875 0.97 0.9425 0.89625 0.79125
0.9825 0.95625 0.9075 0.8525 0.7525
0.99 0.98125 0.945 0.88375 0.78125
0.99375 0.98625 0.96 0.905 0.805
0.99 0.9775 0.9525 0.90375 0.7875
0.995 0.985 0.945 0.89375 0.815
0.99375 0.98625 0.955 0.91125 0.8075
0.99625 0.98875 0.96375 0.9125 0.84375
0.99375 0.9825 0.95125 0.91 0.79125
0.99125 0.97 0.93875 0.8775 0.7825
0.98375 0.965 0.91 0.86125 0.7525
0.99 0.97375 0.94375 0.895 0.80125
0.995 0.98375 0.96125 0.91625 0.82125
0.99125 0.97625 0.9475 0.895 0.8125
0.99375 0.97875 0.9375 0.89 0.77375
0.99125 0.96875 0.925 0.8725 0.77625
0.99 0.965 0.9275 0.865 0.76875
0.98375 0.955 0.90375 0.84625 0.74375
0.99375 0.97625 0.9475 0.90375 0.8
0.98875 0.98 0.95125 0.9075 0.79875
0.9975 0.98625 0.96625 0.905 0.80125
0.9925 0.98 0.95375 0.9075 0.8075
0.97625 0.95375 0.91 0.84 0.74
0.98 0.95875 0.90875 0.855 0.7525
0.99 0.985 0.96 0.9225 0.82375
0.995 0.98625 0.96625 0.9175 0.8275
0.9925 0.9775 0.95125 0.89375 0.79375
0.99 0.97375 0.93 0.88 0.73125
0.9875 0.97375 0.94375 0.89625 0.81
0.995 0.9825 0.935 0.8725 0.775
0.9975 0.9825 0.96375 0.925 0.83375
0.995 0.98375 0.94875 0.8925 0.7925
0.99125 0.97875 0.9475 0.915 0.82875
0.98875 0.975 0.9425 0.87875 0.77625
0.99 0.9775 0.95 0.8875 0.77875
0.9975 0.98625 0.95625 0.9125 0.81125
0.98875 0.97375 0.92375 0.87 0.77125
0.9925 0.97 0.93 0.88375 0.7725
0.97625 0.9525 0.91 0.83875 0.735
0.99125 0.97125 0.93625 0.86875 0.78
0.985 0.9775 0.95 0.89125 0.7775
0.995 0.98875 0.96625 0.91125 0.785
0.9775 0.95875 0.89875 0.82625 0.72125
0.99375 0.9775 0.9425 0.895 0.7825
0.9925 0.98 0.955 0.9 0.79875
0.99125 0.98375 0.95875 0.90875 0.82375
0.98125 0.9625 0.93 0.85875 0.7475
0.98875 0.98125 0.94375 0.88875 0.795
0.9925 0.98375 0.955 0.92125 0.82125
0.995 0.98625 0.96 0.90875 0.815
0.99125 0.96625 0.94125 0.8875 0.7825
0.99125 0.96125 0.92375 0.86875 0.7725
0.99375 0.98375 0.955 0.9 0.79375
0.9925 0.96875 0.91875 0.85125 0.72625
0.99375 0.97375 0.945 0.90125 0.815
0.98 0.96625 0.92875 0.87125 0.77
0.9925 0.9875 0.95875 0.91875 0.8275
0.99375 0.98 0.955 0.90875 0.8125
0.98625 0.97125 0.935 0.87875 0.7775
0.99375 0.98 0.95125 0.9 0.7925
0.9975 0.9825 0.9625 0.915 0.82125
0.98875 0.96875 0.9325 0.88625 0.7975
0.99 0.98625 0.95 0.89125 0.78375
0.99625 0.985 0.94625 0.8975 0.81125
0.98125 0.96875 0.93625 0.88125 0.76625
0.995 0.9825 0.9425 0.88875 0.78375
0.98875 0.96375 0.92375 0.87125 0.77125
0.99375 0.97875 0.9575 0.9125 0.81375
0.99375 0.98375 0.94875 0.9 0.795
0.9925 0.97 0.93625 0.89 0.7725
0.99375 0.98125 0.9525 0.905 0.80625
0.99 0.98375 0.94625 0.88125 0.7675
0.99875 0.9925 0.96375 0.9125 0.8225
0.9925 0.98125 0.9425 0.90375 0.81875
0.98875 0.97 0.92125 0.87 0.7675
0.99625 0.98625 0.96375 0.91875 0.80875
0.99625 0.98375 0.9625 0.90125 0.81375
0.995 0.99 0.96625 0.9275 0.8325
0.99 0.9775 0.9475 0.88625 0.78
0.99125 0.98375 0.94 0.89375 0.8125
0.98875 0.9675 0.925 0.85875 0.7575
0.99125 0.97375 0.94375 0.88 0.7725
0.995 0.9775 0.9475 0.9025 0.79375
0.9975 0.99125 0.9675 0.9125 0.82125
0.9975 0.9875 0.9625 0.905 0.815
0.9975 0.985 0.955 0.9125 0.8075
0.99 0.9775 0.94375 0.88625 0.76375
0.99125 0.975 0.94875 0.905 0.77375
0.99125 0.98625 0.95625 0.895 0.8025
0.98875 0.975 0.94375 0.89125 0.80625
0.9875 0.9775 0.94375 0.895 0.8025
0.99875 0.99375 0.975 0.93875 0.84875
0.99 0.98 0.95 0.9 0.79625
0.99125 0.98 0.94125 0.885 0.78
0.98875 0.9775 0.95125 0.89 0.78625
0.98125 0.9625 0.92875 0.87 0.7625
0.995 0.985 0.96 0.91625 0.835
0.97 0.95125 0.91125 0.83375 0.7225
0.99 0.97625 0.95 0.895 0.80125
0.9875 0.975 0.93875 0.88 0.74375
0.9875 0.9725 0.93625 0.87625 0.76875
0.99125 0.985 0.95 0.89625 0.775
0.99625 0.98875 0.97125 0.9175 0.82625
0.99125 0.9775 0.94125 0.8925 0.785
1 0.9925 0.96125 0.915 0.82625
0.995 0.9775 0.94125 0.88 0.7925
0.99 0.9775 0.93875 0.88125 0.77125
0.99 0.97125 0.93125 0.87375 0.77375
0.99625 0.985 0.9525 0.91 0.80125
0.99125 0.97875 0.9525 0.8925 0.81
0.99375 0.9825 0.9625 0.92 0.8175
0.985 0.97375 0.94875 0.895 0.81875
0.9825 0.96875 0.9475 0.8875 0.7925
0.9925 0.98625 0.95375 0.895 0.7775
0.99125 0.9825 0.95625 0.91 0.805
0.99125 0.97625 0.95625 0.91625 0.8075
0.99375 0.9875 0.965 0.93 0.84375
0.99625 0.9875 0.96875 0.91375 0.83125
0.9925 0.9825 0.955 0.895 0.815
0.99375 0.9875 0.96375 0.925 0.83125
0.99125 0.97875 0.94125 0.89125 0.785
0.99125 0.9775 0.95 0.8925 0.7725
0.975 0.95375 0.915 0.83375 0.7075
0.995 0.9825 0.9575 0.90875 0.7925
0.99125 0.97375 0.9425 0.89625 0.8025
0.9925 0.9725 0.94125 0.89875 0.79375
0.99375 0.98 0.945 0.89125 0.80375
0.99125 0.97625 0.945 0.88125 0.78125
0.9925 0.97625 0.95125 0.88375 0.79125
0.995 0.98375 0.96625 0.92125 0.84
0.99625 0.99125 0.96625 0.91875 0.80875
0.9975 0.99 0.97125 0.9225 0.81625
0.99625 0.985 0.9675 0.93 0.83
0.9925 0.97875 0.93875 0.8925 0.79375
0.99125 0.97875 0.94 0.895 0.80875
0.985 0.965 0.9375 0.8825 0.7675
0.99625 0.985 0.9725 0.93 0.80625
0.9975 0.99125 0.965 0.92 0.82375
0.995 0.9825 0.94375 0.88 0.78
0.99375 0.98125 0.94875 0.9125 0.81625
0.99125 0.9825 0.9575 0.91125 0.81375
0.995 0.98375 0.96625 0.91375 0.8025
0.9975 0.98875 0.955 0.9 0.7875
0.99375 0.98375 0.94625 0.9125 0.8275
0.99625 0.9825 0.95625 0.90125 0.79625
0.99625 0.98875 0.97 0.9325 0.82125
0.99625 0.99 0.96625 0.89875 0.78625
0.97875 0.9625 0.92375 0.8575 0.76875
0.98875 0.98125 0.94125 0.87625 0.78875
0.99875 0.99125 0.9675 0.9325 0.85375
0.9925 0.97875 0.93375 0.89125 0.80125
0.99625 0.98875 0.96 0.91875 0.84125
0.98625 0.96875 0.935 0.875 0.77125
0.9925 0.97875 0.95 0.90375 0.79125
0.98375 0.96 0.91375 0.8475 0.73375
0.99375 0.98875 0.955 0.90875 0.8075
0.99625 0.98375 0.96125 0.9275 0.8325
0.99125 0.9775 0.9425 0.8925 0.80125
0.99875 0.98625 0.965 0.91875 0.82125
0.995 0.98375 0.94875 0.89375 0.795
0.99375 0.9875 0.9675 0.91875 0.81875
0.9975 0.98625 0.96875 0.925 0.8375
0.99625 0.98625 0.9575 0.9125 0.8225
0.995 0.985 0.96375 0.9125 0.82875
0.97875 0.9525 0.90625 0.8425 0.72
0.99 0.97375 0.93125 0.86625 0.77125
0.9925 0.975 0.955 0.905 0.8075
0.99 0.9725 0.94625 0.90125 0.80875
0.9825 0.95375 0.90625 0.855 0.75
0.9925 0.98625 0.96125 0.91125 0.81125
0.98 0.9625 0.92125 0.8575 0.7575
0.99 0.97625 0.94375 0.89 0.79375
0.9925 0.985 0.95125 0.9075 0.8075
0.995 0.98625 0.95375 0.90375 0.82125
0.995 0.9875 0.965 0.91625 0.83125
0.99375 0.98125 0.9525 0.89125 0.78375
0.99625 0.98625 0.95875 0.92375 0.82875
0.99875 0.99375 0.96125 0.92625 0.82
0.99125 0.97625 0.95125 0.89 0.78125
0.9925 0.9825 0.955 0.91125 0.805
0.985 0.9725 0.94625 0.88375 0.79
0.9825 0.96 0.92 0.85125 0.74875
0.99625 0.9875 0.95375 0.9 0.80875
0.98375 0.95875 0.91875 0.87 0.77
0.98875 0.97625 0.95 0.9 0.8125
0.99875 0.9925 0.96125 0.90625 0.80125
0.9925 0.9775 0.9625 0.92125 0.83
0.99 0.9775 0.95 0.89625 0.785
0.9925 0.98125 0.95 0.90625 0.795
0.995 0.9825 0.9625 0.91625 0.82875
0.98375 0.965 0.92875 0.8475 0.76125
0.9825 0.965 0.92875 0.8675 0.77625
0.995 0.98125 0.9475 0.8975 0.81375
0.99125 0.9775 0.945 0.88125 0.775
0.9925 0.98875 0.97 0.92875 0.8375
0.99375 0.97625 0.95 0.91375 0.82875
0.995 0.97625 0.9375 0.875 0.75875
0.9925 0.98125 0.94625 0.91375 0.8225
0.99 0.9725 0.93875 0.86875 0.76
0.99625 0.99125 0.96375 0.93 0.8325
0.9925 0.985 0.96875 0.92 0.82125
0.99625 0.98375 0.95 0.9 0.81875
0.995 0.98375 0.95375 0.9125 0.81
0.995 0.98 0.95375 0.8875 0.79625
0.98125 0.9575 0.91875 0.8675 0.7675
0.99 0.98 0.95125 0.9075 0.7925
0.99625 0.98375 0.96375 0.92375 0.84125
0.98875 0.97875 0.9425 0.8875 0.77875
0.99125 0.985 0.95375 0.90125 0.79
0.9925 0.98 0.95875 0.92 0.82125
0.995 0.98875 0.95375 0.91 0.83375
0.98625 0.9775 0.95 0.91 0.81125
0.99875 0.985 0.96875 0.92625 0.83
0.9975 0.985 0.9625 0.9125 0.81625
0.98875 0.965 0.9425 0.885 0.76125
0.99125 0.97375 0.94875 0.90375 0.81125
0.995 0.9775 0.9375 0.88125 0.7625
0.99 0.97375 0.94875 0.90375 0.81375
0.9975 0.9875 0.9625 0.9225 0.82125
0.9925 0.97625 0.93875 0.89375 0.77875
0.99125 0.98125 0.9475 0.9 0.79875
0.99 0.98 0.95625 0.91875 0.8225
0.99625 0.9875 0.965 0.9275 0.83875
0.99 0.98 0.94625 0.88375 0.78875
0.99875 0.98875 0.97 0.9225 0.8075
0.9925 0.97875 0.95 0.8875 0.78
0.99375 0.98625 0.94625 0.9 0.81375
0.99625 0.98375 0.96375 0.92125 0.825
0.99375 0.97375 0.9375 0.8975 0.80625
0.995 0.98625 0.96125 0.9225 0.82
0.9925 0.975 0.94875 0.885 0.7825
0.9925 0.97875 0.93375 0.87375 0.76875
0.98875 0.97125 0.935 0.88 0.795
0.99625 0.97875 0.9525 0.89625 0.8
0.98875 0.97125 0.9475 0.895 0.78375
1 0.9875 0.97 0.925 0.83875
0.99 0.9825 0.96125 0.91375 0.81625
0.99125 0.97875 0.95125 0.90125 0.8075
0.995 0.9875 0.94875 0.89 0.76875
0.995 0.98375 0.95125 0.9075 0.80875
0.9925 0.98125 0.94875 0.9 0.7875
0.99 0.975 0.9175 0.8475 0.73125
1 0.99125 0.97 0.92375 0.83125
0.99625 0.98125 0.95125 0.91125 0.81
0.99375 0.98375 0.955 0.89875 0.82375
0.99125 0.9725 0.94625 0.88625 0.79625
0.99125 0.9625 0.9375 0.88 0.7825
0.9975 0.97875 0.95625 0.91375 0.81125
0.97875 0.96375 0.93375 0.87375 0.76
0.99 0.97875 0.96 0.9025 0.7925
0.99625 0.98375 0.95625 0.9 0.80875
0.985 0.96875 0.9475 0.90625 0.795
0.99 0.98625 0.96125 0.92125 0.84375
0.99 0.9675 0.93375 0.88375 0.79375
0.995 0.97875 0.95 0.9025 0.80375
0.9975 0.9875 0.96625 0.91875 0.81
0.99125 0.975 0.93375 0.88625 0.7975
0.99125 0.9825 0.95 0.89 0.7675
0.99625 0.985 0.95125 0.885 0.7975
0.99375 0.985 0.95625 0.915 0.81625
0.99875 0.985 0.95375 0.90625 0.82125
0.99375 0.98375 0.955 0.9125 0.82125
0.99375 0.97875 0.9525 0.90375 0.81
0.97875 0.96375 0.93 0.8775 0.7625
0.9775 0.9575 0.905 0.83625 0.715
0.99875 0.99125 0.97125 0.925 0.825
0.99625 0.98375 0.9625 0.91375 0.82
0.99125 0.9775 0.95625 0.91 0.8475
0.9875 0.98 0.96375 0.91625 0.81125
0.99125 0.9825 0.9525 0.8875 0.775
0.99 0.97375 0.9425 0.88375 0.7725
0.99625 0.9875 0.965 0.92375 0.79875
0.9925 0.98125 0.95625 0.9225 0.82375
0.9975 0.98125 0.96375 0.9275 0.8575
0.99625 0.985 0.95625 0.90625 0.8125
0.99125 0.98375 0.965 0.905 0.81375
0.99125 0.9775 0.95125 0.89625 0.78375
0.98625 0.96875 0.93125 0.8625 0.775
0.995 0.96875 0.93625 0.88375 0.78375
0.9975 0.98375 0.96125 0.93875 0.81875
0.99125 0.98125 0.95375 0.88625 0.8
0.98375 0.9625 0.925 0.88375 0.755
0.9925 0.97625 0.95 0.9025 0.81375
0.995 0.98375 0.95 0.9175 0.83875
0.98875 0.97125 0.94125 0.88875 0.78375
0.9975 0.99 0.9625 0.90375 0.7975
0.99875 0.9875 0.97375 0.93375 0.855
0.99625 0.98375 0.95 0.91625 0.8025
0.99125 0.98375 0.96375 0.91125 0.825
0.98375 0.96125 0.9175 0.8725 0.76625
0.99125 0.975 0.95 0.89625 0.79875
0.99625 0.98875 0.97 0.9175 0.8275
0.985 0.98125 0.96125 0.9 0.7925
0.99625 0.98875 0.97375 0.93625 0.84
0.99875 0.9925 0.965 0.92625 0.83875
0.98625 0.97125 0.93375 0.87625 0.76875
0.98625 0.975 0.94125 0.8875 0.78375
0.99375 0.98625 0.965 0.925 0.8175
0.99375 0.98875 0.96375 0.925 0.84375
0.9925 0.97875 0.955 0.91125 0.8125
0.98875 0.9775 0.945 0.895 0.80375
0.99125 0.9775 0.9625 0.9225 0.835
0.9925 0.9725 0.9375 0.895 0.8
0.995 0.98 0.96125 0.91125 0.7875
0.99 0.9775 0.955 0.895 0.7825
0.995 0.99 0.96375 0.91875 0.81125
0.995 0.9875 0.9625 0.91125 0.80125
0.995 0.97875 0.935 0.8825 0.7775
0.99 0.9725 0.915 0.8525 0.745
0.97625 0.95875 0.93 0.855 0.7325
0.99125 0.97875 0.94875 0.905 0.79625
0.99625 0.98375 0.965 0.92375 0.84375
0.9925 0.975 0.945 0.89875 0.77875
0.99625 0.985 0.95375 0.9175 0.81375
0.98375 0.9675 0.93375 0.87375 0.7775
0.9975 0.9875 0.975 0.92875 0.82125
0.995 0.98 0.95625 0.9075 0.82125
0.99 0.97875 0.9425 0.89 0.7975
0.98875 0.9775 0.95 0.88875 0.79125
1 0.99 0.9625 0.925 0.8425
0.98125 0.96875 0.93 0.8725 0.7475
0.99375 0.98 0.955 0.90875 0.82375
0.995 0.98 0.965 0.9325 0.84125
0.98375 0.96375 0.91875 0.85 0.7325
0.99 0.9775 0.93625 0.88 0.78875
0.98875 0.9725 0.94125 0.8925 0.78375
0.995 0.9775 0.9475 0.895 0.7975
0.9975 0.99125 0.95625 0.91625 0.83125
0.99 0.9775 0.95375 0.9025 0.795
0.985 0.96 0.9225 0.85375 0.74
0.98625 0.975 0.94 0.90125 0.78625
0.99875 0.9875 0.9675 0.9375 0.835
0.99375 0.97625 0.935 0.89 0.775
0.9975 0.99125 0.96875 0.9175 0.8225
0.99 0.97625 0.94875 0.9125 0.81
0.9925 0.98375 0.95875 0.91875 0.845
0.9975 0.99 0.97125 0.92625 0.83875
0.975 0.9425 0.89625 0.83875 0.71375
0.9925 0.9825 0.9525 0.90375 0.80125
0.9925 0.98125 0.94125 0.89125 0.7975
0.99125 0.98 0.96 0.90875 0.8075
0.995 0.9775 0.94 0.9 0.785
0.99 0.97875 0.955 0.905 0.79375
0.99375 0.975 0.94125 0.87625 0.76625
0.9925 0.97875 0.94875 0.88625 0.77625
0.9925 0.985 0.96375 0.91875 0.8225
0.9975 0.99 0.9525 0.9125 0.8225
0.99 0.97375 0.955 0.90375 0.7975
0.98375 0.97375 0.9475 0.90375 0.79
0.9925 0.98125 0.94375 0.8925 0.7725
0.99125 0.975 0.93625 0.88 0.765
0.99375 0.97625 0.94375 0.87125 0.78875
0.9925 0.98 0.95625 0.9125 0.8125
0.99375 0.985 0.96125 0.925 0.83375
0.98375 0.9675 0.92125 0.87 0.765
0.99 0.98125 0.95375 0.915 0.8125
0.9975 0.99 0.96 0.91125 0.8125
0.98875 0.9775 0.95125 0.905 0.8075
0.97875 0.96125 0.91875 0.845 0.74
0.99375 0.9825 0.9475 0.88625 0.7575
0.98875 0.98 0.95375 0.91 0.81375
0.9975 0.99 0.9725 0.935 0.84875
0.995 0.98625 0.96625 0.93375 0.8375
0.99 0.96125 0.92625 0.87625 0.765
0.98375 0.97125 0.935 0.89 0.7925
0.98875 0.97 0.945 0.88125 0.78125
0.99375 0.97625 0.95125 0.90625 0.8075
0.99 0.9825 0.95875 0.90625 0.8125
1 0.99125 0.95125 0.90875 0.80875
0.995 0.9875 0.9625 0.9175 0.81375
0.98625 0.96375 0.92625 0.86125 0.7425
0.9975 0.98 0.955 0.90625 0.81625
0.9875 0.9725 0.93375 0.88625 0.7775
0.98 0.96125 0.92375 0.86125 0.7525
0.99375 0.98 0.94625 0.8975 0.8125
0.995 0.98625 0.96 0.91625 0.83125
0.9925 0.98625 0.9575 0.89875 0.79375
0.9925 0.9875 0.95125 0.90125 0.805
0.99125 0.97625 0.95125 0.88625 0.79
0.995 0.98875 0.9575 0.92 0.8175
0.99375 0.98375 0.9575 0.92375 0.8
0.98125 0.96125 0.905 0.84 0.7325
0.9925 0.98125 0.9625 0.9125 0.82875
0.99875 0.985 0.9625 0.91 0.7975
0.995 0.9825 0.9575 0.91125 0.8175
0.99 0.9675 0.94375 0.89125 0.78625
0.98875 0.98125 0.94875 0.8925 0.805
0.99125 0.985 0.9575 0.90375 0.8225
0.995 0.98125 0.95375 0.905 0.78625
0.99375 0.98625 0.965 0.91625 0.81375
0.9875 0.97875 0.95625 0.89375 0.78625
0.9825 0.96 0.91125 0.84625 0.7375
0.9925 0.97875 0.94125 0.89375 0.775
0.9975 0.98625 0.9575 0.90875 0.8025
0.995 0.96875 0.93625 0.8725 0.7875
0.98875 0.98375 0.96 0.92375 0.8225
0.98375 0.96 0.92 0.85625 0.7425
0.9875 0.9725 0.9375 0.8775 0.77625
0.9925 0.98 0.9425 0.9075 0.81875
1 0.98625 0.97125 0.9325 0.84875
0.99 0.97625 0.9475 0.89375 0.8075
0.9825 0.97 0.93375 0.88875 0.77
0.99875 0.9925 0.97 0.9175 0.84625
0.9875 0.97375 0.94625 0.8975 0.785
0.995 0.9875 0.96 0.91 0.80375
0.9925 0.9825 0.965 0.89875 0.81125
0.9925 0.9825 0.95125 0.91625 0.82375
0.9975 0.99 0.96 0.90625 0.805
0.98625 0.975 0.94 0.88375 0.795
0.99125 0.97875 0.9475 0.9 0.7975
0.99375 0.98125 0.9475 0.90125 0.79625
0.96625 0.9375 0.88875 0.83 0.71875
0.9975 0.99 0.9625 0.91875 0.8325
0.985 0.9675 0.925 0.8725 0.755
0.99375 0.9825 0.96625 0.9225 0.84
0.99875 0.99375 0.9725 0.93125 0.86
0.98625 0.9675 0.9225 0.8575 0.74625
1 0.99125 0.9625 0.91875 0.80375
0.99375 0.97875 0.95 0.8925 0.79125
0.995 0.97625 0.95375 0.91 0.81
0.98875 0.97125 0.9575 0.90375 0.8025
0.97875 0.955 0.9 0.8475 0.74875
0.99 0.98125 0.96125 0.89875 0.8125
0.99375 0.985 0.95125 0.89875 0.79625
0.98875 0.97125 0.9425 0.88125 0.77875
0.99 0.98125 0.95375 0.905 0.80875
0.99375 0.97125 0.95 0.895 0.80875
0.9925 0.98125 0.94125 0.89125 0.7775
0.99625 0.98 0.95 0.89875 0.82375
0.985 0.96625 0.925 0.8675 0.76
0.995 0.98375 0.9575 0.9225 0.80625
0.9775 0.9575 0.925 0.86125 0.73625
0.9975 0.98625 0.96625 0.91625 0.82
0.965 0.9325 0.8875 0.8375 0.7025
0.995 0.98375 0.9425 0.89625 0.82
0.99125 0.9775 0.935 0.88125 0.79
0.9975 0.995 0.98125 0.9425 0.84625
0.98125 0.9675 0.9225 0.85875 0.75
0.9925 0.9825 0.95625 0.91 0.8225
0.99375 0.97625 0.9525 0.91125 0.82125
0.995 0.985 0.95 0.88875 0.78875
0.9975 0.985 0.94625 0.90125 0.795
0.99125 0.975 0.9525 0.905 0.79375
0.99875 0.98875 0.96875 0.93625 0.82625
0.98875 0.97375 0.95125 0.90125 0.82
0.99125 0.9825 0.94375 0.8925 0.795
0.99625 0.9875 0.965 0.905 0.81625
0.99 0.98625 0.95625 0.905 0.815
0.98 0.97 0.93625 0.8875 0.79625
0.99125 0.97375 0.93375 0.87375 0.77375
0.99875 0.98375 0.955 0.90375 0.795
0.9875 0.975 0.94375 0.89 0.79
0.9875 0.97 0.94125 0.87625 0.77
0.99125 0.98 0.95375 0.9125 0.81375
0.99625 0.98375 0.95125 0.91875 0.82375
0.995 0.985 0.95625 0.90375 0.81
0.99375 0.98125 0.95875 0.90875 0.82
0.99625 0.99375 0.97625 0.9375 0.855
0.98125 0.97125 0.9225 0.8525 0.75375
0.9975 0.99125 0.96375 0.92625 0.83125
0.99375 0.9825 0.9425 0.88875 0.8
0.9875 0.975 0.94 0.8875 0.77
0.99625 0.9825 0.9525 0.915 0.82
0.99 0.96125 0.92625 0.885 0.7875
0.985 0.9675 0.9425 0.87 0.77375
1 0.99 0.97375 0.93875 0.83875
0.9925 0.975 0.9475 0.90375 0.81125
0.98625 0.9675 0.925 0.87375 0.7675
0.98375 0.97625 0.9525 0.895 0.79125
0.9925 0.9725 0.94 0.9 0.79625
0.99375 0.98625 0.95375 0.89125 0.78625
0.99 0.97625 0.955 0.9175 0.80375
0.9975 0.98875 0.9675 0.925 0.83125
0.98875 0.975 0.94375 0.91 0.835
0.99 0.97625 0.9425 0.9 0.81625
0.99 0.975 0.9275 0.89 0.7925
0.995 0.9775 0.94625 0.89125 0.8
0.9925 0.9825 0.955 0.915 0.8025
0.9925 0.985 0.95625 0.90875 0.80125
0.9925 0.98125 0.95125 0.90125 0.8175
1 0.98375 0.95125 0.91375 0.8225
0.99 0.9775 0.94375 0.895 0.8025
0.99625 0.98625 0.94875 0.9075 0.83
0.9875 0.95875 0.91375 0.8375 0.72
0.99125 0.9725 0.93875 0.8825 0.7925
0.98875 0.9725 0.9425 0.8825 0.7675
0.98875 0.9675 0.92625 0.8725 0.77125
0.98375 0.96375 0.93125 0.86875 0.76625
0.98875 0.98 0.9625 0.90875 0.82
0.99375 0.98625 0.9525 0.9125 0.82125
0.99375 0.9775 0.9375 0.88875 0.7675
0.985 0.96875 0.9425 0.905 0.79625
0.995 0.985 0.95 0.905 0.81875
0.99625 0.98 0.94875 0.9 0.80125
0.99625 0.98125 0.9575 0.9225 0.79625
0.9925 0.97625 0.92375 0.86875 0.76
0.9875 0.97375 0.94125 0.87 0.74375
0.995 0.98125 0.94375 0.8825 0.775
0.98375 0.97 0.9275 0.88125 0.785
0.9975 0.985 0.95125 0.90875 0.8175
0.99625 0.98375 0.96 0.915 0.81875
0.99 0.965 0.925 0.8725 0.745
0.98875 0.975 0.93875 0.89 0.77625
0.9925 0.98375 0.95125 0.90375 0.825
0.9875 0.9775 0.94125 0.90125 0.8025
0.995 0.9875 0.95875 0.905 0.81
0.99125 0.9825 0.95875 0.9175 0.81125
0.995 0.9875 0.965 0.905 0.80375
0.9925 0.9725 0.93875 0.88625 0.7825
0.98875 0.98 0.95625 0.91375 0.8225
0.9875 0.97375 0.92875 0.89375 0.80125
0.97875 0.96125 0.9325 0.90125 0.805
0.99875 0.9825 0.96375 0.91875 0.83
0.99375 0.98125 0.9425 0.90125 0.8
0.99875 0.99 0.96375 0.9275 0.82875
0.99125 0.9725 0.9475 0.9125 0.78
0.99625 0.985 0.9525 0.90125 0.7975
0.995 0.9775 0.95 0.9075 0.815
0.98375 0.96625 0.9425 0.875 0.76375
0.99125 0.9825 0.94625 0.89875 0.785
0.98375 0.96625 0.93 0.86875 0.75375
0.995 0.985 0.95125 0.9 0.8
0.99 0.97625 0.94 0.87 0.76375
0.99 0.98125 0.95375 0.90125 0.81
0.995 0.98125 0.9475 0.9 0.805
0.9925 0.9775 0.94375 0.895 0.795
0.97875 0.955 0.915 0.85125 0.7475
0.9975 0.98875 0.95875 0.925 0.845
0.99375 0.97625 0.94375 0.90625 0.8
0.99 0.96875 0.92625 0.87375 0.78625
0.98 0.9625 0.90625 0.84 0.735
0.99375 0.985 0.95125 0.9 0.815
0.99875 0.99 0.9675 0.93125 0.84
0.995 0.98625 0.96125 0.9125 0.82375
0.9925 0.9725 0.9375 0.8825 0.795
0.9975 0.98375 0.965 0.92125 0.8375
0.99 0.97625 0.95125 0.90375 0.8175
0.98875 0.98 0.95125 0.91125 0.8275
0.9925 0.98125 0.96 0.9125 0.80875
0.98875 0.975 0.9275 0.87125 0.75
0.98625 0.96875 0.9275 0.85875 0.735
0.9875 0.965 0.9175 0.87 0.76375
0.99375 0.98 0.96 0.91125 0.82125
0.99625 0.9825 0.95625 0.8975 0.8125
0.9975 0.9875 0.9675 0.9275 0.83625
0.995 0.97875 0.94625 0.88875 0.79625
0.995 0.98125 0.95875 0.9175 0.81125
0.99375 0.97875 0.94875 0.89125 0.77625
0.9875 0.96625 0.9325 0.87625 0.77125
0.99375 0.975 0.95375 0.90125 0.78375
0.98875 0.975 0.92875 0.875 0.77125
0.99625 0.985 0.94625 0.905 0.805
0.99125 0.97875 0.94875 0.89875 0.81125
0.99125 0.9775 0.9475 0.89375 0.79
0.99 0.98125 0.93875 0.86875 0.765
0.99125 0.9775 0.9475 0.90125 0.81125
0.995 0.98125 0.94 0.89125 0.81125
0.99625 0.98625 0.96375 0.925 0.84125
0.9925 0.9775 0.95375 0.905 0.8075
0.99375 0.9825 0.945 0.9 0.78625
0.99375 0.98625 0.96625 0.92875 0.83875
0.995 0.98375 0.95625 0.895 0.8025
0.99375 0.98375 0.955 0.90125 0.82625
0.99625 0.9875 0.9675 0.92125 0.82375
0.99625 0.9825 0.95375 0.905 0.80875
0.985 0.97125 0.92625 0.88 0.76875
0.99375 0.9775 0.95 0.89375 0.795
0.9825 0.97625 0.95 0.90125 0.81125
0.99375 0.9825 0.9575 0.915 0.81875
0.995 0.98125 0.94625 0.9025 0.80625
0.995 0.98 0.95375 0.91125 0.8325
0.9925 0.98125 0.95875 0.91125 0.81125
0.9925 0.9825 0.95375 0.90875 0.79125
0.995 0.98625 0.94875 0.90625 0.8175
0.995 0.99 0.9725 0.93125 0.84625
0.99625 0.98875 0.9575 0.90625 0.81375
0.9975 0.98625 0.9575 0.91 0.8325
0.99625 0.9875 0.96625 0.9125 0.79875
0.9925 0.98 0.96 0.91375 0.83375
0.9925 0.98625 0.965 0.92125 0.8275
0.99 0.975 0.94125 0.88625 0.77375
0.99125 0.975 0.94375 0.89375 0.81
0.99 0.985 0.95 0.905 0.8075
0.99875 0.9925 0.96375 0.92 0.81
0.995 0.98 0.95375 0.8925 0.7925
0.9925 0.985 0.95625 0.9 0.80875
0.98625 0.97 0.93375 0.89125 0.7975
0.99 0.97625 0.96375 0.92375 0.8175
0.98625 0.96875 0.93 0.9 0.7925
0.9975 0.985 0.955 0.895 0.79375
0.9925 0.9775 0.95125 0.89625 0.7825
0.99375 0.97375 0.9425 0.88375 0.78
0.975 0.955 0.9075 0.84375 0.71625
0.99625 0.9825 0.955 0.90375 0.795
0.99125 0.98 0.96 0.925 0.805
0.99 0.98125 0.945 0.9025 0.80125
0.99875 0.9875 0.96 0.91625 0.8225
0.9975 0.98375 0.9475 0.89375 0.8025
0.9825 0.96375 0.91625 0.86625 0.7575
1 0.98375 0.9575 0.90625 0.82625
0.99375 0.98375 0.95875 0.91375 0.8225
0.995 0.985 0.95625 0.91125 0.8075
0.99375 0.98625 0.95875 0.90875 0.81375
0.99125 0.9725 0.95375 0.8925 0.8
0.9975 0.9875 0.95625 0.91125 0.8075
1 0.99625 0.96875 0.93375 0.83375
0.9925 0.97 0.93625 0.88125 0.8
0.98125 0.9475 0.89625 0.845 0.735
0.99375 0.985 0.96 0.905 0.825
0.99875 0.99 0.95875 0.9 0.7925
0.995 0.98125 0.95875 0.90125 0.81875
0.9825 0.97625 0.94375 0.8825 0.79
0.99125 0.97625 0.945 0.89125 0.79875
0.99375 0.985 0.97125 0.9175 0.8275
0.995 0.9825 0.955 0.91625 0.84
0.99875 0.985 0.95875 0.9275 0.85125
0.9875 0.96375 0.9225 0.865 0.75125
0.9975 0.99 0.9525 0.885 0.78875
0.9875 0.9775 0.94375 0.90875 0.8225
0.9975 0.9925 0.97375 0.92625 0.85125
0.99875 0.985 0.95125 0.90875 0.81
0.99625 0.99375 0.9825 0.95125 0.87
0.99375 0.98375 0.9675 0.92625 0.82125
0.98625 0.96375 0.9225 0.86375 0.7525
0.99625 0.9825 0.96 0.90625 0.80375
0.99625 0.98875 0.9725 0.93125 0.84625
0.9975 0.98 0.9525 0.9125 0.825
0.99875 0.98875 0.95875 0.91 0.83625
0.99375 0.985 0.95375 0.915 0.78375
0.9875 0.97 0.92375 0.865 0.7825
0.99 0.9775 0.9525 0.9075 0.8175
0.99375 0.98375 0.9625 0.92125 0.82125
0.99125 0.9725 0.9425 0.8575 0.7575
0.9925 0.9775 0.955 0.89625 0.77875
0.9925 0.97875 0.95375 0.91625 0.8125
0.99375 0.98375 0.95375 0.89375 0.80125
0.98875 0.975 0.945 0.895 0.79125
0.965 0.93125 0.875 0.805 0.68625
0.9925 0.97875 0.9375 0.88375 0.77375
0.99 0.975 0.95125 0.8875 0.77
0.99625 0.9875 0.95875 0.9125 0.805
0.98875 0.97125 0.935 0.8975 0.80375
0.98 0.96 0.92 0.85875 0.755
0.99375 0.98625 0.95875 0.9225 0.80375
0.9925 0.9775 0.9425 0.88875 0.78875
0.99375 0.98375 0.95125 0.9125 0.8125
0.99625 0.985 0.96 0.92375 0.8475
0.98375 0.97 0.925 0.87125 0.76375
0.995 0.9775 0.95125 0.90625 0.80875
0.98625 0.97125 0.94375 0.89125 0.77625
0.99375 0.98 0.95625 0.89375 0.81875
0.99125 0.96875 0.93375 0.8825 0.79375
0.9875 0.9675 0.92875 0.87625 0.78375
0.99875 0.9925 0.97125 0.9325 0.835
0.99125 0.97875 0.9425 0.87625 0.76625
0.99875 0.985 0.9575 0.9025 0.81125
0.9975 0.99 0.96875 0.93125 0.83125
0.99375 0.98625 0.9625 0.915 0.815
0.985 0.96875 0.945 0.89625 0.785
0.985 0.96625 0.9175 0.855 0.7525
0.9875 0.9725 0.9375 0.89375 0.78875
0.9925 0.98125 0.955 0.905 0.7975
0.995 0.9825 0.9525 0.895 0.80125
0.99125 0.97375 0.9375 0.8875 0.77
0.9925 0.98125 0.95375 0.8975 0.79375
0.99625 0.985 0.96 0.9175 0.8275
0.995 0.98 0.94625 0.885 0.8075
0.995 0.985 0.96625 0.91625 0.8075
0.99 0.97125 0.93 0.8675 0.74375
0.9925 0.98 0.9675 0.91875 0.8175
0.99375 0.98625 0.95 0.9025 0.81125
0.9925 0.97875 0.95125 0.905 0.82375
0.9875 0.97625 0.94125 0.87875 0.77625
0.99375 0.98875 0.97 0.92375 0.8175
0.995 0.99 0.97125 0.91625 0.81625
0.9975 0.98625 0.9675 0.94 0.845
0.995 0.99 0.95625 0.90125 0.8075
0.96625 0.945 0.90625 0.84625 0.725
0.99 0.96875 0.93 0.8675 0.7525
0.98875 0.97625 0.9425 0.885 0.79
0.9875 0.97375 0.9375 0.87625 0.775
0.99625 0.98625 0.94875 0.8975 0.80375
0.995 0.9825 0.96 0.93125 0.82875
0.995 0.99125 0.975 0.94375 0.845
0.99625 0.9875 0.9625 0.9225 0.83
0.995 0.98875 0.95875 0.91375 0.80375
0.99375 0.98 0.94375 0.8925 0.7775
0.99625 0.97875 0.94375 0.895 0.80625
0.99875 0.99 0.96125 0.9175 0.80875
0.99625 0.9825 0.945 0.8975 0.79
0.98375 0.96125 0.9225 0.86 0.7525
0.97 0.9425 0.89 0.83 0.70375
0.99875 0.99375 0.97125 0.93875 0.85125
0.9975 0.9925 0.965 0.91125 0.8225
0.98 0.96125 0.9125 0.8525 0.735
0.9925 0.98125 0.955 0.91375 0.81
0.99625 0.99125 0.9575 0.925 0.8325
0.99625 0.985 0.95625 0.91125 0.8025
0.99125 0.97875 0.94125 0.895 0.7925
0.9975 0.98625 0.95125 0.9 0.8025
0.99875 0.98875 0.9775 0.95125 0.85375
0.99625 0.985 0.95625 0.905 0.805
0.9925 0.975 0.93625 0.8825 0.785
0.9825 0.96125 0.91625 0.87375 0.76625
0.98875 0.97875 0.95125 0.9 0.80875
0.99125 0.9725 0.9325 0.87375 0.775
0.99375 0.98 0.9475 0.91 0.8
0.98875 0.97875 0.9475 0.90625 0.7925
0.98875 0.97875 0.9525 0.9075 0.81125
0.9825 0.97125 0.9425 0.8925 0.79875
0.99125 0.975 0.9225 0.88 0.785
0.98125 0.96 0.925 0.855 0.7425
0.99125 0.97375 0.92875 0.87875 0.75125
0.995 0.97625 0.94375 0.8875 0.80875
0.99625 0.985 0.95375 0.91 0.81
0.99875 0.99375 0.97625 0.93 0.84375
0.9975 0.985 0.955 0.9075 0.7875
0.98875 0.97625 0.93 0.87375 0.77625
0.99 0.98125 0.93625 0.88875 0.79625
0.99 0.975 0.955 0.91125 0.8
0.99 0.9725 0.9275 0.86625 0.775
0.995 0.9875 0.96125 0.91 0.83125
0.995 0.9925 0.96 0.9225 0.83875
0.995 0.97875 0.94375 0.89 0.79125
0.995 0.98875 0.96875 0.93 0.83
0.9925 0.9825 0.95625 0.91 0.81375
0.985 0.96625 0.93125 0.86125 0.73125
0.98875 0.9725 0.94375 0.89375 0.785
0.99625 0.98375 0.95375 0.8925 0.7775
0.9925 0.98125 0.94875 0.90375 0.81375
0.9775 0.95875 0.9125 0.84875 0.7325
0.99125 0.9825 0.95625 0.9025 0.81875
0.99125 0.98375 0.96 0.91125 0.8025
0.99125 0.98375 0.94875 0.90875 0.8075
0.99625 0.985 0.955 0.9025 0.795
0.9925 0.9875 0.9675 0.9225 0.8525
0.99375 0.98375 0.95375 0.90125 0.78375
0.99125 0.97375 0.9275 0.88375 0.78625
0.99375 0.9825 0.955 0.89625 0.78375
0.995 0.98625 0.96 0.915 0.805
0.99875 0.98625 0.97125 0.92375 0.8225
0.98875 0.975 0.94625 0.89875 0.8025
0.99625 0.985 0.9675 0.9225 0.8225
0.99375 0.99 0.9675 0.9275 0.8225
0.9925 0.9825 0.9675 0.93125 0.82125
0.99375 0.9825 0.96125 0.90625 0.8025
0.9925 0.9825 0.9525 0.9075 0.82125
0.99375 0.975 0.93875 0.88 0.775
0.99 0.9775 0.94375 0.89875 0.80375
0.98625 0.97625 0.9375 0.875 0.7775
0.9925 0.9825 0.9525 0.895 0.79
0.9975 0.9825 0.96625 0.94125 0.855
0.99375 0.985 0.9525 0.89375 0.79875
0.99375 0.98375 0.94125 0.89125 0.77125
0.99125 0.9825 0.955 0.90125 0.8075
0.98375 0.97 0.92875 0.87875 0.7625
0.9975 0.9875 0.97 0.92375 0.83125
0.98625 0.98 0.94375 0.9025 0.7975
0.99125 0.98125 0.95625 0.9 0.79625
0.9975 0.9725 0.93 0.875 0.7575
0.99375 0.98 0.95625 0.90375 0.80125
0.99125 0.985 0.95 0.89875 0.795
0.99375 0.98375 0.97 0.935 0.855
0.99125 0.965 0.93 0.8725 0.76625
0.99 0.975 0.93625 0.88375 0.7825
0.9925 0.97625 0.945 0.88875 0.795
0.995 0.9875 0.965 0.92 0.83625
