628
417
92
437
573
254
396
16
635
281
3
557
560
374
340
333
343
428
67
566
606
81
532
454
277
627
257
347
514
370
480
47
400
295
642
537
227
472
223
470
66
131
178
200
224
197
228
453
645
491
506
487
346
367
700
323
543
273
554
597
75
430
209
99
484
237
41
522
460
789
393
625
25
26
34
62
373
129
83
213
574
280
265
657
501
36
301
332
133
174
262
634
698
327
668
669
594
12
93
177
799
465
278
504
39
502
173
79
726
544
563
82
56
639
603
467
708
17
611
696
397
420
307
345
690
72
569
449
61
351
518
509
636
709
433
336
110
403
157
140
231
677
775
455
95
764
706
643
114
423
283
551
116
124
35
426
503
442
65
377
311
422
372
90
390
398
108
498
55
702
40
352
429
203
605
155
315
691
337
74
304
267
478
613
243
70
330
88
663
37
471
593
132
535
113
795
626
511
675
529
632
525
319
664
176
24
456
219
136
527
444
538
555
783
86
399
60
363
331
87
688
348
199
376
475
476
141
63
289
236
192
686
365
602
743
776
271
479
671
266
196
486
190
711
734
526
741
407
768
730
229
282
617
409
106
576
648
797
618
391
292
264
623
638
169
368
247
798
760
550
44
568
445
286
612
128
541
774
520
31
182
152
740
676
215
326
225
719
575
9
481
772
757
212
646
704
314
758
415
763
665
633
171
447
194
796
434
218
217
747
80
650
27
782
312
699
492
715
130
416
180
313
754
338
59
395
406
341
210
207
621
585
138
733
386
91
64
366
325
22
382
216
561
109
168
595
562
791
316
241
143
388
707
483
23
4
107
721
766
379
620
582
751
226
413
146
714
53
748
249
570
305
97
187
496
211
405
256
309
13
779
302
240
581
630
729
441
777
446
542
19
624
578
275
411
392
462
732
276
549
