0
0
0
0
0
0
0
0
0
0
0
0
0
0
0
0
0
0
-6.65403201105534
0
0
0
0
0
0
0
0
0
-7.95320098831369
0
0
0
0
0
0
0
0
0
0
0
0
0
0
0
-4.65379492297918
0
0
0
0
0
-8.39365111443124
0
-7.91580796352957
0
0
0
0
0
0
0
0
0
0
0
0
-4.11083716441539
0
0
0
0
0
0
0
0
0
0
0
0
0
0
0
0
0
0
0
0
0
0
0
0
0
0
0
0
0
0
0
0
0
0
0
0
0
0
0
0
0
0
0
0
0
0
0
0
0
0
0
0
0
0
0
0
0
0
0
0
0
-0.0397248533604268
0
0
0
0
0
0
0
0
0
0
2.03390101748089
0
0
0
0
0
0
0
0
0
0
0
0
0
0
0
10.8074757179661
0
0
-4.06734052980654
0
0
0
0
0
0
0
0
0
-8.70145193632873
0
0
0
0
24.1754220980155
0
0
0
0
0
0
0
0
0
0
0
0
0
0
0
0
0
-21.4452952739385
0
0
0
0
0
0
0
0
0
0
0
0
0
0
0
0
0
0
0
0
0
0
0
0
0
0
0
0
0
-18.2952252147936
0
0
0
0
0
0
0
0
0
0
0
0
0
0
0
0
0
0
7.03654224339006
0
0
0
0
0
0
0
0
0
0
0
0
0
0
0
0
0
0
0
0
0
0
0
0
0
0
0
0
0
0
0
0
27.5652942890799
0
0
0
-2.2020370020831
0
5.73104159822023
0
0
0
0
0
0
0
0
0
0
0
0
0
0
0
-10.3491578690047
0
0
0
0
0
0
0
0
0
0
0
0
0
0
0
0
0
0
0
0
0
0
0
0
11.5682172240925
0
0
0
0
0
-11.6842944211542
0
0
0
0
0
0
0
0
0
0
0
10.9276025615441
0
0
0
0
0
0
0
0
0
0
0
0
0
0
0
0
0
0
0
0
-4.4284810116871
0
0
0
0
0
0
9.45730684856566
0
0
0
0
0
0
0
0
0
0
0
0
0
0
4.14774830232888
0
0
0
0
0
0
0
0
0
0
-7.51106051091133
0
0
0
0
0
0
0
0
0
0
0
0
0
0
0
0
0
0
0
0
0
-2.13948984971715
0
0
0
0
0
0
0
0
-7.19484075338169
0
0
0
0
0
0
0
-10.200386446847
0
0
0
0
0
0
0
0
0
0
0
0
0
0
0
0
0
0
0
0
0
0
0
0
0
0
0
0
0
0
0
0
0
0
0
0
0
0
0
0
0
0
0
0
-8.00092772608663
0
0
0
0
0
0
0
0
0
0
0
0
0
0
0
0
0
0
0
0
0
0
0
9.42595019952899
0
0
0
0
0
10.7473830600526
0
0
0
0
0
0
0
0
0
0
0
0
0
0
0
0
0
0
0
11.9880135745905
0
0
13.0658673976006
0
0
0
0
0
0
0
14.2371741295615
0
0
1.5599854655872
0
0
0
0
0
0
0
0
0
0
0
0
-9.19040413305246
0
0
0
0
-12.1267290402766
0
0
0
0
0
0
0
0
0
0
0
0
0
0
0
0
0
0
0
0
0
0
0
0
0
-16.240256709382
0
0
0
0
0
0
0
0
0
0
0
0
0
0
0
0
0
0
0
0
0
0
0
0
5.48513403875691
3.59931649455279
0
0
0
0
0
0
0
0
0
0
0
0.973760448784153
0
0
0
0
0
0
0
0
0
0
0
0
0
0
0
0
0
0
0
0
0
0
0
0
0
0
0
0
0
0
0
0
0
0
0
0
0
0
-10.3247803335378
0
0
0
0
0
0
0
0
3.14962414684313
0
0
0
0
0
0
0
0
0
0
0
0
0
0
0
0
0
0
0
0
0
0
0
0
0
0
0
0
0
0
0
0
0
0
0
0
0
0
0
0
0
0
0
0
0
0
0
0
0
0
0
0
0
0
0
0
0
0
0
0
0
11.3515822528908
0
0
0
-14.5062740022235
0
0
-17.123823787974
0
0
0
0
0
0
0
0
0
0
0
0
0
0
-15.1894749207835
0
0
0
0
0
0
0
8.97184444424157
0
0
0
0
0
0
0
-5.21171701842862
0
0
0
0
0
0
0
0
0
0
0
0
0
0
0
0
0
0
3.35674604554392
0
0
0
0
0
0
0
0
0
0
0
0
0
0
0
0
0
0
0
0
0
0
0
0
-0.98679746661725
0
0
0
0
0
0
0
0
0
0
0
0
0
0
0
0
6.28356521444079
0
0
0
0
0
0
0
0
0
0
0
0
0
0
0
0
0
0
5.66513805219322
0
0
0
0
0
0
0
0
0
0
0
0
0
0
0
0
0
0
0
0
0
0
0
0
0
0
0
0
0
0
0
0
0
0
0
-17.5616299208689
0
0
0
0
0
0
0
0
0
0
0
0
0
0
0
0
0
0
0
0
0
0
0
0
0
0
0
-4.20989525597411
0
0
0
0
0
0
0
0
-4.39485004578159
0
-7.65503609221531
0
0
0
0
0
0
0
0
0
0
0
0
10.3243208958476
0
0
0
0
0
0
0
0
0
0
0
0
0
0
0
0
0
0
0
0
0
0
0
0
0
0
0
0
0
0
0
0
0
0
0
0
0
0
0
0
0
-8.04940036028291
0
0
0
0
0
0
0
0
0
0
0
0
0
0
0
0
0
0
0
0
0
0
0
0
0
0
0
0
0
0
-4.01134046057342
0
0
0
0
0
0
0
0
0
0
-3.44491844751527
0
-10.5958537570033
0
0
0
0
0
0
0
0
0
-10.2573645468924
0
0
0
0
0
0
0
0
0
0
0
0
0
0
0
0
-7.58888570712806
0
0
-8.36053468452469
0
0
0
0
0
0
0
0
0
0
0
0
0
0
0
0
0
0
0
7.67581900010164
0
0
0
0
0
0
0
0
0
0
0
5.97779774672849
0
0
0
0
0
0
0
0
0
0
5.13173864469114
0
0
0
0
0
0
0
0
5.88053824130368
0
0
0
0
0
0
0
0
0
0
0
0
0
0
0
0
0
0
0
0
0
0
0
0
0
-2.86226698745634
0
0
0
0
0
0
0
0
0
0
0
0
0
0
0
0
-8.90723902591678
0
0
-4.07780350280891
0
0
0
0
0
0
0
0
0
0
-18.7089542955944
0
0
0
0
0
0
0
0
0
0
0
0
0
0
0
0
16.992043364454
0
-10.1803699389861
0
0
0
0
6.24283674053475
0.450381521245565
0
0
5.7654039942427
0
0
0
0
0
0
0
0
0
0
0
0
0
0
0
0
0
0
0
0
4.25074859174121
0
0
0
0
0
0
24.7373206264982
0
0
0
0
0
0
0
0
0
0
0
-11.1734339087607
0
0
0
0
0
0
0
0
0
0
0
0
0
0
-8.90052389260862
0
0
0
0
0
0
0
0
0
0
0
0
0
0
0
0
0
0
0
0
0
0
0
0
0
0
0
0
0
0
0
0
0
0
0
0
0
0
0
3.08745609928886
0
0
0
9.81115527740883
0
1.14935137487438
0
0
0
0
0
0
0
0
0
0
0
0
0
0
0
0
0
0
0
0
0
0
0
0
-3.86441754708913
0
0
0
0
0
0
0
0
0
0
0
0
0
0
0
0
0
0
0
0
4.78638961466918
0
0
-16.0960313863638
0
-7.03688038131158
0
0
0
0
0
0
0
0
0
0
-23.9782640636285
0
0
0
0
-16.9644522278614
-2.14569148576654
0
0
0
0
0
0
0
0
5.75312077121549
0
0
0
0
0
0
0
0
0
0
0
0
0
0
0
0
0
0
0
0
0
0
0
0
-1.19116881147801
0
0
0
0
0
0
0
0
0
5.48234410321565
-13.7504079180934
0
0
0
0
0
0
0
0
0
0
0
0
0
0
0
0
0
0
0
0
0
0
0
0
0
0
0
0
0
0
0
0
0
0
0
6.16074193447444
0
0
0
0
0
5.50305488193308
0
10.2446209451389
0
0
0
0
0
