24
318
644
330
256
106
397
728
90
97
61
423
150
210
132
192
308
678
176
602
664
733
696
591
291
569
124
766
751
112
240
495
108
688
226
512
365
624
694
707
590
50
748
65
289
517
283
16
338
709
9
158
295
765
484
364
637
280
466
553
469
278
334
1
196
556
513
572
407
467
595
658
383
605
73
76
87
104
246
259
483
398
625
403
267
140
416
779
137
738
39
162
577
178
175
471
717
660
42
238
400
70
455
798
558
587
742
755
164
48
775
647
589
361
406
546
690
419
502
371
646
187
310
552
619
699
582
676
671
687
769
611
480
40
343
67
54
325
316
702
760
524
514
307
412
540
581
551
234
665
279
782
708
139
173
236
457
78
38
33
195
759
475
143
204
265
312
560
703
706
205
531
225
421
381
761
536
248
303
641
500
508
432
237
638
77
197
363
239
568
260
266
632
385
75
22
443
710
230
268
653
288
229
242
468
681
747
32
376
223
486
340
789
753
464
299
438
212
720
183
2
730
763
741
778
504
233
52
111
391
146
662
198
184
211
21
86
542
731
685
174
170
436
776
145
115
503
520
154
695
29
479
474
724
92
249
121
126
550
231
221
437
515
218
667
631
328
487
127
261
743
739
252
418
274
744
216
228
606
594
155
379
272
757
669
203
157
151
698
317
701
575
617
68
217
181
96
71
530
354
434
128
220
718
134
382
394
353
247
123
182
177
506
451
727
43
98
580
683
342
573
777
652
794
645
405
133
623
750
657
672
404
103
791
201
456
262
533
485
335
219
30
460
740
465
390
725
396
290
91
215
314
756
793
422
749
172
507
327
26
621
496
114
459
378
452
326
255
324
612
535
202
663
45
532
3
482
53
607
415
666
528
579
25
263
17
472
522
82
564
800
287
8
200
563
292
11
565
6
548
