518
191
65
290
89
160
16
43
426
791
792
410
325
108
461
309
560
500
80
396
610
117
798
428
332
304
354
405
621
400
283
85
37
415
145
15
652
471
746
34
715
107
230
643
288
40
452
516
177
558
744
98
453
676
456
765
149
787
536
687
55
576
412
167
424
771
541
444
421
566
361
392
341
101
586
485
640
562
348
286
533
507
139
204
786
46
734
737
166
322
110
474
719
129
626
69
694
58
303
126
106
642
665
355
614
127
47
370
620
326
448
760
493
105
284
125
627
480
295
559
520
277
381
59
238
445
119
492
553
41
296
796
48
18
21
733
582
386
233
497
793
226
394
449
592
372
367
287
190
12
490
99
459
120
427
188
346
747
308
647
450
570
759
103
673
246
155
406
425
262
4
624
658
275
407
399
789
377
505
159
33
589
433
745
256
618
594
691
236
404
194
685
748
319
215
420
268
220
112
6
670
580
5
778
380
1
784
414
411
84
335
54
528
82
24
630
362
724
205
644
465
140
366
739
486
722
25
100
646
437
529
551
651
475
726
31
523
666
212
38
373
501
376
180
710
607
547
90
750
163
579
197
569
699
544
408
19
548
585
76
143
764
340
605
482
656
219
241
723
92
714
682
577
30
597
574
680
432
736
189
531
616
20
546
728
328
417
357
543
175
66
476
430
114
572
660
343
102
701
312
97
279
235
496
401
708
10
645
28
503
508
435
207
274
619
455
44
9
330
774
601
353
352
593
329
8
258
799
86
2
434
64
780
152
671
735
561
316
700
398
201
14
293
502
168
693
473
638
599
213
39
573
198
359
721
276
596
13
457
653
403
130
504
172
363
321
525
397
132
385
169
161
641
350
469
68
199
388
608
144
27
272
311
382
239
712
633
537
292
174
487
783
122
138
578
422
23
72
364
147
