0
0
0
4.91393774564661
0
0
0
4.91393774564661
4.91393774564661
4.91393774564661
0
0
4.91393774564661
4.91393774564661
4.91393774564661
0
0
0
0
4.91393774564661
0
0
4.91393774564661
4.91393774564661
4.91393774564661
4.91393774564661
4.91393774564661
4.91393774564661
4.91393774564661
4.91393774564661
4.91393774564661
0
4.91393774564661
4.91393774564661
0
0
4.91393774564661
4.91393774564661
4.91393774564661
0
4.91393774564661
0
0
0
4.91393774564661
0
4.91393774564661
0
4.91393774564661
0
0
0
0
0
0
0
4.91393774564661
0
4.91393774564661
4.91393774564661
4.91393774564661
4.91393774564661
4.91393774564661
4.91393774564661
4.91393774564661
0
4.91393774564661
0
4.91393774564661
4.91393774564661
0
0
4.91393774564661
0
4.91393774564661
0
0
0
0
0
0
0
4.91393774564661
0
4.91393774564661
0
4.91393774564661
4.91393774564661
0
4.91393774564661
0
0
4.91393774564661
4.91393774564661
4.91393774564661
0
0
4.91393774564661
4.91393774564661
4.91393774564661
