0
2.01969737186127
0
2.01969737186127
2.01969737186127
0
0
0
0
0
0
0
0
0
2.01969737186127
2.01969737186127
0
0
0
2.01969737186127
0
2.01969737186127
2.01969737186127
2.01969737186127
2.01969737186127
2.01969737186127
2.01969737186127
0
0
0
2.01969737186127
2.01969737186127
0
0
2.01969737186127
0
2.01969737186127
2.01969737186127
0
2.01969737186127
0
2.01969737186127
0
2.01969737186127
2.01969737186127
0
2.01969737186127
0
0
0
2.01969737186127
2.01969737186127
2.01969737186127
0
2.01969737186127
0
0
0
2.01969737186127
0
0
2.01969737186127
0
0
0
2.01969737186127
2.01969737186127
0
2.01969737186127
2.01969737186127
2.01969737186127
2.01969737186127
2.01969737186127
2.01969737186127
0
2.01969737186127
0
2.01969737186127
2.01969737186127
2.01969737186127
0
2.01969737186127
0
0
2.01969737186127
0
2.01969737186127
0
2.01969737186127
2.01969737186127
2.01969737186127
0
0
2.01969737186127
2.01969737186127
0
0
2.01969737186127
0
2.01969737186127
