2.376
2.177
2.5
2.27
2.336
2.226
2.278
2.071
2.366
2.295
2.411
2.288
2.37
2.098
2.151
2.171
2.023
2.427
2.439
2.171
2.171
2.304
2.289
2.18
2.125
2.167
2.379
2.28
2.295
2.139
2.113
2.308
2.273
2.3
2.402
2.347
2.376
2.366
2.382
2.347
2.102
2.27
2.254
2.485
2.257
2.035
2.253
2.039
2.095
2.181
2.103
2.212
2.285
2.308
2.181
2.169
2.256
2.274
2.394
2.194
2.623
2.248
2.27
2.053
2.283
2.169
2.173
2.137
2.231
2.302
2.107
2.38
2.212
2.261
2.144
2.086
2.388
2.354
2.38
2.194
2.306
2.439
2.165
2.502
2.244
2.052
2.321
2.297
2.289
2.374
2.132
2.388
2.263
2.302
2.27
2.122
2.297
2.128
2.101
2.295
2.222
2.354
2.162
2.219
2.247
2.378
2.362
2.228
2.235
2.237
2.496
2.252
2.181
2.264
2.308
2.209
2.368
2.277
2.308
2.047
2.244
2.308
2.251
2.162
2.231
2.33
2.181
2.231
2.122
2.392
2.198
2.09
2.252
2.181
2.301
2.34
2.301
2.264
2.166
2.308
2.253
2.212
2.279
2.219
2.248
2.427
2.275
2.291
2.173
2.308
2.35
2.343
2.219
2.283
2.244
2.171
2.377
2.27
2.438
2.122
2.253
2.097
2.257
2.305
2.353
2.257
2.05
2.24
2.055
2.488
2.308
2.138
2.353
2.142
2.283
2.128
2.165
2.287
2.211
2.163
2.18
2.386
2.133
2.247
2.3
2.308
2.401
2.181
2.276
2.24
2.181
2.181
2.26
2.434
2.257
2.197
2.387
2.159
2.114
2.325
2.109
2.181
2.273
2.165
2.421
2.059
2.397
2.052
2.403
2.239
2.105
2.174
2.308
2.165
2.261
2.288
2.283
2.308
2.303
2.3
2.216
2.337
2.059
2.231
2.132
2.126
2.172
2.288
2.295
2.295
2.374
2.27
2.26
2.11
2.257
2.308
2.285
2.276
2.338
2.174
2.347
2.389
2.231
2.133
2.27
2.308
2.557
2.403
2.016
2.308
2.231
2.308
2.289
2.352
2.21
2.164
2.246
2.134
2.195
2.435
2.249
2.379
2.176
2.035
2.212
2.365
2.297
2.249
2.181
2.196
2.149
2.231
2.138
2.248
2.375
2.422
2.27
2.369
2.197
2.275
2.257
2.496
2.394
2.263
2.276
2.436
2.234
2.169
2.352
2.125
2.202
2.219
2.359
2.412
2.239
2.228
2.409
2.306
2.17
2.441
2.212
2.125
2.347
2.355
2.199
2.272
2.12
2.258
2.334
2.173
2.175
2.181
2.176
2.294
2.156
2.308
2.407
2.272
2.264
2.233
2.387
2.283
2.181
2.27
2.244
2.228
2.308
2.283
2.308
2.274
2.303
2.27
2.147
2.225
2.283
2.149
2.406
2.166
2.275
2.257
2.231
2.221
2.341
2.308
2.211
2.035
2.171
2.169
2.285
2.304
2.181
2.237
2.11
2.389
2.181
2.173
2.338
2.339
2.292
2.272
2.295
2.38
2.138
2.173
2.175
2.476
2.156
2.161
2.308
2.272
2.071
2.308
2.252
2.283
2.181
2.38
2.253
2.263
2.441
2.273
2.146
2.378
2.389
2.201
2.3
2.283
2.227
2.206
2.134
2.206
2.303
2.234
2.283
2.225
2.246
2.289
2.374
2.283
2.364
2.399
2.206
2.416
2.227
2.434
2.37
2.379
2.414
2.116
2.51
2.3
2.278
2.248
2.358
2.162
2.047
2.242
2.27
2.178
2.271
2.323
2.257
2.134
2.097
2.286
2.241
2.298
2.244
2.427
2.23
2.12
2.285
2.417
2.257
2.197
2.132
2.434
2.206
2.136
2.222
2.176
2.221
2.247
2.219
2.181
2.172
2.2
2.321
2.301
2.181
2.221
2.272
2.227
2.27
2.336
2.28
2.233
2.201
2.272
2.163
2.27
2.271
2.27
2.306
2.178
2.177
2.25
2.274
2.375
2.271
2.181
2.297
2.364
2.344
2.273
2.156
2.39
2.308
2.223
2.377
2.365
2.289
2.376
2.29
2.26
2.366
2.274
2.172
2.407
2.38
2.124
2.248
2.341
2.053
2.27
2.179
2.265
2.295
2.054
2.363
2.051
2.308
2.303
2.389
2.387
2.306
2.398
2.298
2.134
2.241
2.245
2.308
2.308
2.172
2.169
2.27
2.441
2.305
2.244
2.306
2.537
2.337
2.308
2.265
2.179
2.161
2.169
2.179
2.418
2.334
2.304
2.055
2.401
2.178
2.206
2.321
2.304
2.263
2.225
2.144
2.295
2.418
2.35
2.156
2.181
2.295
2.51
2.206
2.25
2.24
2.438
2.175
2.194
2.257
2.144
2.27
2.177
2.206
2.295
2.283
2.244
2.308
2.414
2.253
2.25
2.124
2.537
2.351
2.3
2.27
2.163
2.347
2.27
2.27
2.405
2.308
2.178
2.083
2.27
2.175
2.295
2.305
2.288
2.257
2.272
2.263
2.274
2.257
2.257
2.411
2.367
2.257
2.15
2.455
2.26
2.427
2.27
2.441
2.09
2.274
2.194
2.387
2.132
2.361
2.159
2.181
2.27
2.361
2.295
2.404
2.414
2.262
2.302
2.295
2.537
2.169
2.156
2.161
2.156
2.244
2.404
2.222
2.163
2.056
2.308
2.252
2.324
2.181
2.427
2.27
2.354
2.116
2.308
2.308
2.441
2.169
2.283
2.231
2.341
2.261
2.351
2.231
2.107
2.181
2.405
2.163
2.34
2.374
2.347
2.262
2.438
2.414
2.231
2.181
2.308
2.276
2.169
2.175
2.321
2.432
2.405
2.25
2.206
2.057
2.347
2.257
2.219
2.289
2.325
2.219
2.126
2.441
2.308
2.156
2.219
2.219
2.421
2.385
2.288
2.304
2.308
2.295
2.295
2.295
2.181
2.222
2.334
2.417
2.283
2.308
2.174
2.135
2.298
2.308
2.263
2.3
2.308
2.27
2.231
2.291
2.198
2.132
2.263
2.257
2.283
2.27
2.321
2.308
2.181
2.209
2.158
2.16
2.329
2.321
2.244
2.144
2.272
2.274
2.27
2.173
2.194
2.219
2.15
2.274
2.414
2.387
2.27
2.369
2.295
2.427
2.238
2.304
2.12
2.181
2.132
1.978
2.277
2.169
2.177
2.173
2.414
2.053
2.285
2.3
2.283
2.25
2.418
2.26
2.102
2.302
2.303
2.287
2.38
2.414
2.27
2.3
2.257
2.175
2.244
2.248
2.295
2.414
2.305
2.405
2.287
2.298
2.126
2.361
2.27
2.27
2.071
2.017
2.276
2.287
2.263
2.295
2.302
2.295
2.306
2.289
2.387
2.427
2.3
2.304
2.166
2.571
2.231
2.286
2.305
2.181
2.257
2.18
2.25
2.424
2.202
2.257
2.208
2.3
2.235
2.181
2.18
2.181
2.302
2.429
2.254
2.283
2.35
2.138
2.136
2.234
2.233
2.257
2.268
2.11
2.158
2.286
2.144
2.34
2.292
2.152
2.12
2.274
2.365
2.099
2.122
2.211
2.365
2.019
2.206
2.248
2.128
2.308
2.441
2.272
2.347
2.163
2.283
2.429
2.134
2.053
2.349
2.259
2.273
2.247
2.283
2.209
2.177
2.22
2.35
2.384
2.201
2.326
2.275
2.109
2.276
2.226
2.241
2.181
2.288
2.125
2.308
2.303
2.177
2.172
2.308
2.38
2.219
2.206
2.346
2.304
2.347
2.308
2.284
2.257
2.144
2.125
2.304
2.181
2.204
2.283
2.172
2.221
2.212
2.374
2.303
2.363
2.176
2.286
2.255
2.459
2.132
2.137
2.387
2.12
2.287
2.432
2.414
2.24
2.236
2.308
2.244
2.295
2.21
2.236
2.22
2.378
2.403
1.982
2.22
2.308
2.194
2.107
2.416
2.334
2.088
2.347
2.263
2.238
2.308
2.347
2.216
2.112
2.307
2.244
2.308
2.308
2.098
2.374
2.132
2.27
2.394
2.263
2.274
2.308
2.151
2.394
2.387
2.352
2.336
2.387
2.115
2.225
2.171
2.244
2.12
2.27
2.327
2.238
2.111
2.216
2.365
2.441
2.486
2.262
2.343
2.235
2.207
2.141
2.271
2.304
2.213
2.3
2.303
2.074
2.141
2.13
2.308
2.211
2.161
2.285
2.392
2.226
2.376
2.17
2.201
2.227
2.111
2.34
2.181
2.149
2.169
2.088
2.304
2.419
2.196
2.343
2.199
2.305
2.271
2.307
2.194
2.221
2.278
2.16
2.263
2.129
2.181
2.141
2.197
2.181
2.305
2.216
2.181
2.127
2.135
2.141
2.395
2.254
2.295
2.181
2.22
2.226
2.334
2.425
2.405
2.247
2.196
2.225
2.27
2.206
2.238
2.402
2.329
2.3
2.308
2.219
2.289
2.354
2.242
2.166
2.365
2.153
2.121
2.308
2.207
2.181
2.361
2.25
2.083
2.158
2.204
2.219
2.226
2.058
2.394
2.212
2.566
2.127
2.341
2.273
2.212
2.14
2.268
2.308
2.071
2.175
2.307
2.294
2.137
2.248
2.219
2.434
2.409
2.21
2.158
2.145
2.087
2.234
2.231
2.152
2.228
2.209
2.27
2.3
2.284
2.308
2.308
2.302
2.321
2.233
2.295
2.219
2.257
2.289
2.377
2.151
2.308
2.238
2.338
2.3
2.219
2.295
2.223
2.091
2.181
2.274
2.103
2.367
2.087
2.381
2.15
2.422
2.263
2.424
2.233
2.302
2.206
2.287
2.288
2.059
2.206
2.171
2.242
2.259
2.39
2.293
2.181
2.261
2.176
2.239
2.147
2.244
2.351
2.241
2.231
2.325
2.291
2.196
2.29
2.178
2.308
2.148
2.475
2.156
2.263
2.321
2.157
2.3
2.095
2.244
2.332
2.235
2.323
2.208
2.308
2.295
2.124
2.132
2.18
2.04
2.354
2.206
2.283
2.303
2.29
2.257
2.306
2.247
2.308
2.059
2.254
2.283
2.181
2.167
2.143
2.358
2.134
2.289
2.293
2.083
2.223
2.124
2.294
2.249
2.474
2.125
2.414
2.468
2.245
2.211
2.22
2.427
2.132
2.225
2.244
2.265
2.385
2.273
2.262
2.25
2.528
2.259
2.256
2.441
2.278
2.327
2.428
2.401
2.137
2.113
2.27
2.181
2.247
2.334
2.305
2.234
2.362
2.052
2.175
2.181
2.251
2.275
2.399
2.174
2.262
2.047
2.132
2.484
2.133
2.22
2.148
2.27
2.246
2.238
2.321
2.49
2.239
2.303
2.27
2.286
2.225
2.117
2.21
2.308
2.169
2.297
2.172
2.145
2.367
2.255
2.302
2.11
2.221
2.239
2.287
2.28
2.265
2.268
2.181
2.12
2.376
2.227
2.265
2.12
2.273
2.245
2.172
2.142
2.295
2.362
2.237
2.308
2.126
2.197
2.302
2.107
2.306
2.286
2.176
2.246
2.321
2.242
2.107
2.383
2.156
2.2
2.244
2.274
2.174
2.306
2.181
2.195
2.308
2.305
2.177
2.248
2.144
2.299
2.411
2.12
2.258
2.257
2.308
2.274
2.139
2.16
2.247
2.283
2.417
2.181
2.219
2.382
2.212
2.259
2.274
2.177
2.374
2.151
2.289
2.283
2.289
2.178
2.123
2.253
2.121
2.257
2.242
2.325
2.223
2.287
2.181
2.305
2.208
2.222
2.361
2.154
2.246
2.136
2.056
2.221
2.271
2.206
2.289
2.199
2.164
2.231
2.18
2.226
2.27
2.165
2.341
2.225
2.29
2.236
2.13
2.159
2.238
2.181
2.343
2.112
2.212
2.308
2.247
2.035
2.308
2.332
2.363
2.347
2.361
2.206
2.173
2.254
2.219
2.38
2.132
2.171
2.24
2.292
2.289
2.486
2.29
2.169
2.265
2.292
2.206
2.334
2.26
2.205
2.264
2.144
2.14
2.374
2.308
2.172
2.308
2.385
2.366
2.295
2.284
2.231
2.325
2.15
2.285
2.171
2.181
2.273
2.283
2.251
2.134
2.115
2.181
2.286
2.27
2.427
2.151
2.121
2.161
2.208
2.283
2.285
2.181
2.208
2.252
2.127
2.212
2.195
2.297
2.223
2.107
2.288
2.287
2.294
2.136
2.147
2.202
2.24
2.176
2.295
2.411
2.262
2.286
2.297
2.286
2.364
2.153
2.091
2.238
2.138
2.206
2.181
2.438
2.181
2.178
2.231
2.295
2.394
2.379
2.175
2.299
2.258
2.22
2.23
2.181
2.302
2.353
2.16
2.302
2.298
2.354
2.259
2.282
2.244
2.197
2.303
2.047
2.125
2.202
2.253
2.224
2.114
2.277
2.39
2.181
2.219
2.23
2.347
2.103
2.288
2.237
2.132
2.115
2.169
2.12
2.347
2.302
2.298
2.394
2.303
2.239
2.151
2.006
2.165
2.326
2.137
2.236
2.169
2.122
2.102
2.26
2.014
2.103
2.219
2.308
2.395
2.172
2.342
2.121
2.124
2.376
2.291
2.253
2.27
2.23
2.432
2.283
2.287
2.156
2.25
2.169
2.257
2.295
2.258
2.158
2.012
2.261
2.253
2.308
2.147
2.34
2.228
2.145
2.212
2.308
2.248
2.328
2.411
2.376
2.308
2.285
2.261
2.274
2.441
2.278
2.29
2.163
2.221
2.277
2.367
2.38
2.219
2.27
2.176
2.258
2.274
2.286
2.059
2.347
2.305
2.383
2.231
2.255
2.283
2.343
2.3
2.219
2.284
2.306
2.221
2.28
2.167
2.206
2.374
2.156
2.224
2.247
2.194
2.299
2.208
2.252
2.104
2.167
2.16
2.231
2.204
2.441
2.173
2.116
2.158
2.3
2.276
2.24
2.221
2.321
2.275
2.235
2.178
2.055
2.206
2.427
2.306
2.302
2.148
2.125
2.374
2.164
2.107
2.121
2.163
2.306
2.54
2.127
2.214
2.297
2.252
2.338
2.387
2.009
2.325
2.378
2.226
2.122
2.253
2.326
2.237
2.229
2.274
2.283
2.414
2.295
2.102
2.354
2.341
2.302
2.263
2.347
2.289
2.107
2.321
2.37
2.301
2.279
2.299
2.203
2.116
2.147
2.5
2.418
2.276
2.308
2.219
2.43
2.206
2.206
2.391
2.246
2.259
2.132
2.307
2.415
2.374
2.288
2.107
2.149
2.3
2.18
2.39
2.144
2.105
2.169
2.27
2.038
2.258
2.305
2.169
2.288
2.215
2.358
2.203
2.098
2.255
2.247
2.295
2.194
2.304
2.295
2.142
2.321
2.293
2.47
2.247
2.244
2.137
2.163
2.441
2.308
2.321
2.082
2.257
2.214
2.295
2.276
2.17
2.049
2.306
2.121
2.301
2.265
2.239
2.401
2.259
2.21
2.179
2.134
2.212
2.173
2.356
2.257
2.156
2.035
2.219
2.3
2.302
2.163
2.354
2.208
2.257
2.338
2.159
2.166
2.268
2.261
2.124
2.267
2.116
2.374
2.221
2.163
2.249
2.246
2.177
2.428
2.283
2.237
2.286
2.267
2.299
2.279
2.111
2.358
2
2.273
2.259
2.286
2.244
2.244
2.365
2.247
2.421
2.261
2.181
2.212
2.178
2.278
2.38
2.395
2.224
2.271
2.175
2.264
2.276
2.27
2.289
2.16
2.173
2.299
2.135
2.263
2.231
2.118
2.369
2.181
2.225
2.197
2.476
2.383
2.076
2.219
2.117
2.277
2.195
2.263
2.158
2.3
2.251
2.381
2.181
2.138
2.14
2.288
2.152
2.29
2.205
2.308
2.133
2.285
2.181
2.181
2.175
2.304
2.275
2.223
2.136
2.392
2.262
2.329
2.308
2.298
2.214
2.094
2.181
2.249
2.212
2.233
2.321
2.441
2.125
2.225
2.179
2.327
2.238
2.24
2.138
2.254
2.259
2.144
2.128
2.247
2.283
2.219
2.253
2.203
2.172
2.208
2.159
2.124
2.127
2.304
2.252
2.25
2.406
2.303
2.34
2.17
2.176
2.137
2.321
2.3
2.281
2.401
2.278
2.321
2.295
2.272
2.173
2.276
2.286
2.407
2.287
2.144
2.215
2.308
2.308
2.277
2.181
2.304
2.219
2.262
2.374
2.275
2.156
2.271
2.308
2.276
2.144
2.178
2.231
2.156
2.233
2.27
2.27
2.08
2.264
2.361
2.176
2.253
2.383
2.306
2.169
2.38
2.169
2.264
2.113
2.142
2.174
2.27
2.248
2.326
2.147
2.175
2.087
2.3
2.152
2.219
2.175
2.391
2.337
2.298
2.257
2.177
2.415
2.039
2.289
2.272
2.297
2.179
2.29
2.181
2.15
2.302
2.295
2.232
2.261
2.181
2.473
2.475
2.298
2.137
2.306
2.287
2.05
2.347
2.262
2.175
2.259
2.211
2.286
2.258
2.221
2.107
2.343
2.235
2.38
2.016
2.242
2.234
2.181
2.353
2.412
2.169
2.059
2.427
2.181
2.123
2.441
2.283
2.227
2.219
2.233
2.059
2.258
2.216
2.127
2.29
2.181
2.257
2.308
2.441
2.272
2.146
2.138
2.132
2.387
2.381
2.181
2.225
2.132
2.221
2.292
2.304
2.052
2.181
2.083
2.059
2.223
2.081
2.259
2.263
2.274
2.08
2.292
2.225
2.516
2.259
2.273
2.237
2.293
2.253
2.387
2.152
2.169
2.171
2.246
2.181
2.27
2.21
2.165
2.295
2.212
2.27
2.228
2.284
2.305
2.325
2.172
2.158
2.26
2.308
2.113
2.165
2.239
2.308
2.181
2.401
2.198
2.264
2.126
2.287
2.126
2.181
2.181
2.027
2.141
2.308
2.334
2.219
2.231
2.169
2.165
2.181
2.164
2.498
2.271
2.236
2.146
2.181
2.137
2.38
2.169
2.257
2.347
2.172
2.433
2.181
2.328
2.071
2.203
2.361
2.15
2.253
2.161
2.15
2.158
2.178
2.059
2.3
2.306
2.326
2.295
2.308
2.261
2.367
2.166
2.24
2.301
2.203
2.122
2.334
2.223
2.164
2.3
2.304
2.244
2.418
2.345
2.134
2.163
2.08
2.367
2.17
2.231
2.154
2.265
2.289
2.258
2.25
2.308
2.361
2.244
2.295
2.12
2.308
2.337
2.181
2.402
2.169
2.241
2.363
2.377
2.199
2.113
2.244
2.181
2.101
2.12
2.377
2.308
2.285
2.132
2.308
2.226
1.982
2.136
2.352
2.308
2.257
2.286
2.167
2.299
2.133
2.236
2.335
2.132
2.24
2.308
2.305
2.132
2.156
2.252
2.288
2.22
2.181
2.334
2.179
2.402
2.27
2.27
2.181
2.179
2.274
2.219
2.2
2.294
2.206
2.434
2.173
2.295
2.291
2.404
2.033
2.262
2.181
2.279
2.21
2.347
2.277
2.3
2.249
2.287
2.362
2.287
2.415
2.362
2.361
2.276
2.258
2.24
2.181
2.325
2.419
2.364
2.405
2.298
2.341
2.132
2.26
2.369
2.265
2.178
2.126
2.299
2.128
2.178
2.156
2.206
2.126
2.27
2.35
2.228
2.27
2.156
2.271
2.308
2.244
2.14
2.22
2.225
2.336
2.226
2.278
2.365
2.403
2.206
2.441
2.059
2.308
2.169
2.231
2.387
2.308
2.203
2.059
2.236
2.174
2.303
2.203
2.161
2.144
2.455
2.393
2.181
2.224
2.179
2.18
2.326
2.294
2.16
2.139
2.181
2.156
2.163
2.292
2.278
2.441
2.147
2.141
2.139
2.273
2.339
2.385
2.306
2.219
2.225
1.991
2.136
2.287
2.431
2.109
2.259
2.179
2.179
2.169
2.302
2.25
2.361
2.152
2.212
2.234
2.233
2.3
2.215
2.222
2.224
2.272
2.128
2.283
2.177
2.409
2.126
2.244
2.339
2.135
2.285
2.308
2.178
2.155
2.594
2.308
2.257
2.299
2.334
2.305
2.308
2.059
2.27
2.381
2.276
2.194
2.177
2.26
2.284
2.225
2.204
2.059
2.441
2.16
2.26
2.487
2.429
2.366
2.272
2.152
2.181
2.308
2.212
2.194
2.401
2.203
2.285
2.098
2.172
2.107
2.231
2.5
2.181
2.247
2.409
2.305
2.526
2.419
2.195
2.368
2.181
2.244
2.231
2.177
2.085
2.141
2.222
2.177
2.425
2.203
2.357
2.295
2.125
2.215
2.165
2.308
2.264
2.219
2.257
2.283
2.216
2.181
2.196
2.206
2.515
2.308
2.332
2.261
2.295
2.239
2.173
2.283
2.101
2.146
2.206
2.052
2.171
2.299
2.238
2.271
2.287
2.263
2.385
2.414
2.265
2.274
2.093
2.219
2.158
2.424
2.304
2.283
2.392
2.244
2.253
2.244
2.056
2.107
2.105
2.362
2.271
2.156
2.359
2.491
2.109
2.212
2.156
2.151
2.326
2.407
2.441
2.295
2.308
2.207
2.325
2.134
2.259
2.175
2.139
2.391
2.331
2.178
2.293
2.166
2.374
2.231
2.11
2.304
2.149
2.132
2.051
2.337
2.136
2.361
2.236
2.178
2.291
2.334
2.355
2.181
2.396
2.295
2.224
2.276
2.151
2.325
2.248
2.226
2.427
2.233
2.263
2.253
2.171
2.179
2.249
2.302
2.056
2.18
2.292
2.299
2.173
2.28
2.244
2.144
2.244
2.149
2.181
2.24
2.246
2.308
2.196
2.334
2.245
2.132
2.364
2.169
2.181
2.2
2.344
2.101
2.429
2.181
2.083
2.223
2.328
2.291
2.361
2.441
2.101
2.301
2.33
2.303
2.145
2.181
2.208
2.328
2.194
2.059
2.244
2.414
2.212
2.219
2.224
2.083
2.283
2.002
2.28
2.15
2.236
2.359
2.166
2.132
2.216
2.353
2.21
2.172
2.134
2.169
2.276
2.304
2.16
2.059
2.219
2.132
2.246
2.089
2.356
2.181
2.403
2.303
2.284
2.17
2.246
2.308
2.347
2.083
2.211
2.308
2.12
2.248
2.2
2.144
2.285
2.254
2.342
2.263
2.152
2.148
2.148
2.24
2.389
2.21
2.212
2.212
2.224
2.302
2.132
2.174
2.202
2.194
2.21
2.161
2.329
2.181
2.209
2.297
2.337
2.227
2.254
1.194
2.257
2.047
2.181
2.387
2.172
2.295
2.328
2.284
2.308
2.394
2.225
2.228
2.181
2.169
2.169
2.432
2.165
1.715
2.346
2.292
2.201
2.198
2.353
2.148
2.308
2.458
2.181
2.225
2.231
2.441
2.242
2.252
2.244
2.231
2.277
2.169
2.219
2.135
2.181
2.209
2.284
2.283
2.237
2.308
2.175
2.169
2.179
2.295
2.169
2.308
2.438
2.486
2.523
2.22
2.088
2.29
1.981
2.199
2.164
2.387
2.355
2.206
2.209
2.179
2.374
2.338
2.181
2.354
2.169
2.236
2.353
2.461
2.058
2.378
2.28
2.1
2.132
2.295
2.354
2.212
2.29
2.301
2.275
2.281
2.27
2.271
2.308
2.089
2.306
2.244
2.219
2.283
2.307
2.113
2.308
2.248
2.302
2.17
2.331
2.299
2.181
2.021
1.995
2.177
2.221
2.306
2.147
2.308
2.362
2.236
2.181
2.272
2.175
2.11
2.308
2.336
2.354
2.295
2.308
2.246
2.234
2.455
2.172
2.231
2.106
2.387
2.468
2.17
2.169
2.288
2.303
2.236
2.244
2.423
2.286
2.12
2.487
2.308
2.179
2.167
2.273
2.283
2.169
2.173
2.354
2.144
2.29
2.244
2.349
2.358
2.208
2.107
2.208
2.202
2.136
2.237
2.278
2.244
2.325
2.253
2.181
2.301
2.339
2.058
2.291
2.156
2.307
2.236
2.257
2.244
2.24
2.487
2.301
2.238
2.201
2.397
2.285
2.241
2.181
2.244
2.295
2.308
2.169
2.264
2.169
2.225
2.352
2.216
2.041
2.304
2.441
2.128
2.276
2.122
2.153
2.42
2.039
2.336
2.366
2.291
2.152
2.355
2.297
2.209
2.265
2.441
2.206
2.231
2.308
2.287
2.285
2.177
2.263
2.181
2.308
2.173
2.135
2.338
2.242
2.139
2.082
2.228
2.102
2.334
2.304
2.127
2.11
2.287
2.049
2.179
2.171
2.246
2.173
2.259
2.181
2.026
1.996
2.23
2.321
2.236
2.406
2.396
2.156
2.283
2.302
2.391
2.219
2.18
2.169
2.151
2.214
2.38
2.345
2.289
2.474
2.334
2.301
2.308
2.297
2.181
2.364
2.257
2.074
2.127
2.3
2.283
2.224
2.308
2.284
2.326
2.286
2.167
2.47
2.173
2.22
2.409
2.289
2.3
2.174
2.321
2.223
2.166
2.299
2.216
2.128
2.241
2.455
2.459
2.247
2.158
2.212
2.276
2.307
2.171
2.206
2.363
2.225
2.337
2.156
2.289
2.056
2.299
2.055
2.2
2.247
2.305
2.489
2.177
2.181
2.198
2.137
2.206
2.128
2.369
2.244
2.12
2.279
2.341
2.141
2.152
2.164
2.164
2.302
2.246
2.361
2.21
2.223
2.165
2.349
2.113
2.201
2.095
2.387
2.351
2.293
2.398
2.163
2.226
2.224
2.416
2.355
2.387
2.012
2.086
2.181
2.414
2.252
2.285
2.247
2.577
2.144
2.244
2.374
2.219
2.484
2.355
2.259
2.219
2.059
2.177
2.132
2.18
2.284
2.216
2.415
2.392
2.175
2.159
2.402
2.342
2.035
2.244
2.181
2.16
2.491
2.206
2.401
2.24
2.171
2.307
2.308
2.135
2.249
2.356
2.181
2.17
2.27
2.25
2.382
2.107
2.181
2.273
2.087
2.117
2.502
2.206
2.393
2.401
2.401
2.294
2.308
2.059
2.229
2.209
2.221
2.283
2.301
2.115
2.461
2.16
2.253
2.284
2.27
2.302
2.049
2.383
2.414
2.483
2.286
2.356
2.288
2.37
2.361
2.214
2.287
2.181
2.441
2.416
2.212
2.307
2.293
2.407
2.272
2.283
2.422
2.284
2.139
2.206
2.3
2.258
2.343
2.304
2.27
2.297
2.144
2.271
2.222
2.104
2.363
2.237
2.27
2.014
2.18
2.231
2.207
2.208
2.105
2.195
2.139
2.362
2.27
2.325
2.144
2.21
2.236
2.181
2.153
2.308
2.286
2.229
2.178
2.27
2.21
2.308
2.235
2.308
2.194
2.204
2.244
2.15
2.308
2.176
2.163
2.441
2.156
2.298
2.155
2.308
2.139
2.159
2.403
2.254
2.244
2.27
2.166
2.132
2.136
2.308
2.283
2.265
2.235
2.283
2.135
2.27
2.123
2.299
2.414
2.127
2.23
2.262
2.206
2.2
2.357
2.16
2.329
2.254
2.247
2.169
2.174
2.414
2.305
2.292
2.289
2.199
2.116
2.267
2.178
2.206
2.246
2.239
2.308
2.344
2.339
2.308
2.281
2.242
2.401
2.376
2.421
2.079
2.361
2.231
2.474
2.414
2.347
2.226
2.295
2.175
2.169
2.423
2.292
2.178
2.059
2.441
2.308
2.18
2.177
2.231
2.308
2.257
2.308
2.283
2.308
2.093
2.179
2.044
2.24
2.261
2.276
2.116
2.266
2.176
2.181
2.46
2.169
2.21
2.248
2.308
2.288
2.308
2.356
2.253
2.258
2.229
2.375
2.427
2.25
2.502
2.286
2.139
2.301
2.374
2.012
2.251
2.273
2.12
2.281
2.297
2.24
2.116
2.181
2.251
2.249
2.263
2.341
2.181
2.231
2.12
2.171
2.473
2.301
2.233
2.18
2.21
2.165
2.27
2.134
2.136
2.157
2.351
2.226
2.306
2.225
2.225
2.083
2.496
2.264
2.198
2.302
2.347
2.33
2.321
2.295
2.051
2
2.156
2.233
2.276
2.238
2.298
2.241
2.21
2.299
2.363
2.211
2.399
2.289
2.441
2.308
2.244
2.057
2.299
2.228
2.25
2.392
2.244
2.303
2.257
2.287
2.244
2.219
2.233
2.175
2.2
2.179
2.198
2.411
2.181
2.198
2.308
2.059
2.283
2.181
2.085
2.308
2.321
2.206
2.148
2.362
2.126
2.083
2.321
2.181
2.158
2.364
2.298
2.241
2.245
2.204
2.208
2.225
2.328
2.18
2.263
2.332
2.254
2.423
2.219
2.163
2.133
2.107
2.361
2.258
2.194
2.136
2.272
2.034
2.29
2.169
2.364
2.433
2.253
2.225
2.139
2.257
2.057
2.283
2.257
2.276
2.178
2.263
2.276
2.37
2.257
2.35
2.295
2.275
2.347
2.27
2.361
2.308
2.374
2.257
2.364
2.26
2.325
2.422
2.259
2.295
2.234
2.231
2.377
1.963
2.302
2.294
2.287
2.201
2.336
2.261
2.121
2.194
2.147
2.434
2.236
2.219
2.172
2.163
2.059
2.212
2.132
2.338
2.113
2.079
2.257
2.394
2.169
2.12
2.609
2.349
2.231
2.221
2.019
2.181
2.053
2.43
2.196
2.198
2.035
2.055
2.347
2.224
2.302
2.15
2.12
2.196
2.16
2.263
2.234
2.27
2.121
2.267
2.181
2.363
2.402
2.259
2.169
2.023
2.343
2.257
2.175
2.148
2.035
2.118
2.301
2.22
2.26
2.148
2.244
2.301
2.261
2.101
2.181
2.374
2.238
2.275
2.169
2.164
2.295
2.272
2.088
2.275
2.365
2.236
2.401
2.161
2.176
2.377
2.283
2.251
2.3
2.253
2.349
2.201
2.244
2.077
2.353
2.419
2.136
2.219
2.205
2.225
2.34
2.12
2.244
2.39
2.308
2.408
2.352
2.227
2.409
2.285
2.263
2.37
2.137
2.083
2.181
2.441
2.274
2.227
2.179
2.149
2.27
2.266
2.38
2.493
2.321
2.163
2.417
2.17
2.308
2.181
2.258
2.245
2.285
2.147
2.181
2.349
2.329
2.209
2.086
2.257
2.087
2.365
2.378
2.504
2.262
2.181
2.275
2.246
2.244
2.15
2.071
2.134
2.219
2.375
2.035
2.462
2.441
2.237
2.261
2.181
2.372
2.333
2.234
2.222
2.148
2.146
2.117
2.181
2.181
2.181
2.334
2.178
2.228
2.364
2.238
2.265
1.991
2.325
2.181
2.259
2.27
2.288
2.305
2.138
2.15
2.273
2.221
2.181
2.206
2.349
2.308
2.219
2.144
2.298
2.158
2.308
2.375
2.283
2.101
2.308
2.196
2.291
2.301
2.101
2.299
2.181
2.117
2.246
2.289
2.14
2.297
2.378
2.143
2.387
2.34
2.181
2.219
2.276
2.232
2.281
2.427
2.251
2.244
2.153
2.403
2.216
2.178
2.215
2.059
2.273
2.169
2.283
2.225
2.15
2.2
2.149
2.27
2.059
2.253
2.284
2.357
2.339
2.109
2.195
2.308
2.197
2.22
2.308
2.201
2.181
2.199
2.298
2.284
2.247
2.16
2.224
2.122
2.401
2.336
2.279
2.13
2.212
2.377
2.292
2.347
2.248
2.308
2.126
2.194
2.441
2.175
2.361
2.326
2.12
1.98
2.095
2.15
2.176
2.258
2.276
2.287
2.18
2.3
2.198
2.244
2.107
2.364
2.227
2.27
2.195
2.126
2.3
2.259
2.234
2.305
2.226
2.098
2.324
2.299
2.212
2.031
2.059
2.237
2.231
2.26
2.302
2.206
2.295
2.347
2.237
2.176
2.321
2.285
2.258
2.035
2.231
2.334
2.272
2.341
2.263
2.209
2.295
2.265
2.308
2.285
2.307
2.253
2.181
2.276
2.129
2.154
2.306
2.225
2.175
2.304
2.263
2.077
2.081
2.382
2.104
2.378
2.152
2.465
2.138
2.377
2.181
2.273
2.347
2.362
2.257
2.249
2.057
2.374
2.401
2.288
2.172
2.393
2.18
2.141
2.029
2.146
2.261
2.271
2.301
2.181
2.239
2.393
2.147
2.132
2.257
2.264
2.059
2.361
2.227
2.264
2.406
2.083
2.288
2.221
2.179
2.165
2.263
2.027
2.157
2.272
2.284
2.081
2.478
2.181
2.379
2.215
2.262
2.132
2.34
2.295
2.153
2.321
2.295
2.153
2.123
2.288
2.172
2.058
2.261
2.336
2.308
2.26
2.225
2.306
2.401
2.25
2.297
2.407
2.341
2.194
2.209
2.221
2.169
2.122
2.077
2.166
2.353
2.231
2.387
2.323
2.003
2.152
2.43
2.166
2.304
2.35
2.15
2.292
2.16
2.33
2.335
2.231
2.278
2.378
2.302
2.181
2.297
2.34
2.227
2.172
2.082
2.141
2.169
2.206
2.171
2.27
2.056
2.219
2.17
2.086
2.387
2.227
2.137
2.194
2.21
2.299
2.302
2.433
2.181
2.215
2.401
2.352
2.422
2.101
2.125
2.159
2.306
2.13
2.278
2.13
2.21
2.22
2.258
2.308
2.208
2.25
2.169
2.216
2.179
2.308
2.096
2.343
2.27
2.362
2.408
2.3
2.497
2.308
2.196
2.26
2.237
2.295
2.22
2.18
2.132
2.461
2.402
2.302
2.261
2.334
2.287
2.421
2.194
2.274
2.181
2.207
2.302
2.338
2.181
2.347
2.178
2.132
2.101
2.273
2.306
2.111
2.308
2.231
2.286
2.2
2.125
2.235
2.203
2.135
2.116
2.181
2.427
2.284
2.206
2.156
2.172
2.25
2.223
2.308
2.09
2.245
2.347
2.221
2.308
2.247
2.285
2.227
2.343
2.292
2.175
2.259
2.17
2.166
2.308
2.379
2.167
2.389
2.308
2.307
2.106
2.174
2.159
2.345
2.419
2.244
2.347
2.231
2.089
2.308
2.181
2.174
2.306
2.341
2.231
2.334
2.259
2.286
2.09
2.196
2.206
2.292
2.173
2.224
2.247
2.176
2.277
2.175
2.194
2.177
2.077
2.308
2.245
2.248
2.298
2.134
2.369
2.181
2.195
2.385
2.379
2.284
2.258
2.537
2.354
2.276
2.352
2.387
2.176
2.289
2.147
2.308
2.295
2.344
2.234
2.283
2.361
2.226
2.262
2.173
2.257
2.27
2.244
2.107
2.421
2.156
2.236
2.259
2.34
2.414
2.244
2.134
2.211
2.25
2.302
2.211
2.254
2.283
2.264
2.133
2.347
2.289
2.3
2.303
2.374
2.279
2.214
2.414
2.247
2.261
2.308
2.405
2.107
2.167
2.376
2.221
2.26
2.321
2.3
2.135
2.405
2.308
2.153
2.261
2.158
2.212
2.3
2.22
2.169
2.249
2.197
2.274
2.376
2.152
2.247
2.304
2.419
2.341
2.18
2.209
2.43
2.403
2.372
2.099
2.391
2.434
2.169
2.362
2.29
2.258
