2.354
2.156
2.299
2.181
2.175
2.347
2.33
2.198
2.404
2.237
2.308
2.164
2.209
2.264
2.267
2.156
2.27
2.21
2.239
2.181
2.173
2.308
2.335
2.225
2.027
2.278
2.363
2.223
2.308
2.144
2.234
2.287
2.236
2.257
2.25
2.213
2.289
2.059
2.261
2.252
2.302
2.138
2.178
2.278
2.16
2.055
2.395
2.206
2.366
2.347
2.289
2.171
2.366
2.043
2.424
2.039
2.433
1.992
2.257
2.283
2.363
2.225
2.167
2.27
2.11
2.308
2.211
2.293
2.18
2.405
2.173
2.169
2.414
2.129
2.353
2.416
2.169
2.263
2.271
2.199
2.215
2.027
2.261
2.308
2.169
2.057
2.26
2.181
2.289
2.354
2.275
2.283
2.2
2.173
2.108
2.308
2.286
2.29
2.059
2.198
2.292
2.219
2.375
2.379
2.231
2.048
2.367
2.231
2.21
2.278
2.175
2.238
2.217
2.148
2.169
2.305
2.258
2.101
2.263
2.223
2.11
2.3
2.276
2.343
2.303
2.27
2.271
2.304
2.439
2.099
2.28
2.12
2.337
2.206
2.341
2.105
2.147
2.045
2.079
2.28
2.078
2.072
2.178
2.302
2.059
2.298
2.215
2.436
2.271
2.342
2.219
2.321
2.174
2.2
2.248
2.206
2.181
2.334
2.198
2.354
2.146
2.252
2.325
2.257
2.427
2.107
2.273
2.374
2.18
2.151
2.181
2.284
2.388
2.227
2.215
2.242
2.354
2.285
2.156
2.169
2.305
2.284
2.432
2.235
2.285
2.33
2.307
2.206
2.306
2.171
2.398
2.427
2.135
2.107
2.169
2.235
2.132
2.308
2.239
2.198
2.177
2.258
2.405
2.26
2.176
2.261
2.247
2.144
2.058
2.181
2.181
2.248
2.237
2.342
2.194
2.436
2.407
2.387
2.297
2.235
2.13
2.363
2.219
2.047
2.175
2.28
2.362
2.274
2.288
2.231
2.196
2.252
2.249
2.109
2.087
2.392
2.044
2.21
2.181
2.12
2.165
2.283
2.5
2.244
2.25
2.219
2.075
2.251
2.206
2.325
2.302
2.215
2.151
2.139
2.342
2.27
2.086
2.253
2.274
2.126
2.254
2.254
2.128
2.357
2.194
2.368
2.357
2.219
2.419
2.295
2.176
2.43
2.347
2.244
2.263
2.286
2.134
2.354
2.276
2.254
2.196
2.181
2.262
2.374
2.27
2.38
2.225
2.248
2.176
2.175
2.308
2.275
2.181
2.285
2.308
2.181
2.149
2.289
2.169
2.29
2.223
2.088
2.181
2.262
2.392
2.169
2.209
2.135
2.134
2.308
2.215
2.2
2.406
2.278
2.173
2.308
2.404
2.43
2.179
2.308
2.334
2.432
2.152
2.285
2.095
2.279
2.238
2.156
2.402
2.283
2.27
2.196
2.204
2.303
2.194
2.347
2.181
2.369
2.039
2.234
2.229
2.33
2.398
2.221
2.302
2.25
2.261
2.28
2.181
2.149
2.441
2.219
2.149
2.304
2.223
2.358
2.05
2.181
2.246
2.162
2.135
2.161
2.222
2.304
2.181
2.276
2.159
2.176
1.939
2.181
2.342
2.297
2.132
2.342
2.329
2.376
2.257
2.27
2.364
2.172
2.374
2.468
2.239
2.09
2.283
2.206
2.224
2.219
2.198
2.194
2.247
2.527
2.427
2.328
2.194
2.516
2.055
2.397
2.364
2.244
2.268
2.308
2.295
2.299
2.171
2.12
2.279
2.223
2.25
2.259
2.161
2.295
2.226
2.221
2.247
2.139
2.114
2.198
2.123
2.233
2.058
2.285
2.347
2.338
2.181
2.464
2.387
2.132
2.377
2.161
2.308
2.273
2.297
2.181
2.295
2.124
2.341
2.263
2.414
2.144
2.046
2.321
2.381
2.16
2.262
2.21
2.26
2.295
2.304
2.228
2.158
2.219
2.283
2.455
2.023
2.169
2.22
2.298
2.031
2.159
2.295
2.146
2.236
2.13
2.194
2.289
2.254
2.176
2.441
2.304
2.389
2.204
2.292
2.199
2.283
2.102
2.142
2.137
2.181
2.169
2.382
2.382
2.304
2.354
2.181
2.252
2.071
2.542
2.246
2.339
2.356
2.298
2.224
2.306
2.107
2.296
2.156
2.353
2.239
2.401
2.262
2.308
2.299
2.172
2.334
2.354
2.158
2.215
2.268
2.194
2.221
2.088
2.09
2.404
2.288
2.295
2.18
2.512
2.161
2.17
2.25
2.283
2.289
2.206
2.409
2.25
2.366
2.24
2.441
2.054
2.059
2.181
2.279
2.181
2.15
2.404
2.18
2.35
2.361
2.385
2.306
2.248
2.34
2.286
2.3
2.156
2.177
2.289
2.198
2.308
2.053
2.27
2.043
2.181
2.227
2.132
2.302
2.116
2.298
2.213
2.251
2.219
2.29
2.087
2.206
2.181
2.25
2.347
2.089
2.203
2.329
2.375
2.098
2.12
2.243
2.206
2.308
2.393
2.283
2.079
2.363
2.302
2.265
2.29
2.326
2.205
2.148
2.21
2.374
2.308
2.203
2.124
2.308
2.172
2.116
2.296
2.263
2.139
2.33
2.181
2.427
2.336
2.308
2.234
2.292
2.27
2.246
2.175
2.235
2.383
2.181
2.162
2.441
2.27
2.175
2.27
2.353
2.277
2.159
2.25
2.147
2.496
2.181
2.273
2.17
2.27
2.107
2.377
2.113
2.145
2.227
2.28
2.175
2.237
2.211
2.132
2.125
2.302
2.307
2.304
2.021
2.172
2.117
2.194
2.275
2.38
2.179
2.361
2.376
2.181
2.181
2.441
2.14
2.328
2.244
2.308
2.389
2.346
2.059
2.371
2.272
2.113
2.306
2.124
2.236
2.204
2.194
2.34
2.207
2.18
2.251
2.171
2.059
2.219
2.124
2.132
2.412
2.277
2.035
2.305
2.159
2.228
2.14
2.171
2.305
2.354
2.427
2.177
2.35
2.338
2.169
2.39
2.177
2.295
2.294
2.095
2.26
2.383
2.238
2.263
2.12
2.334
2.28
2.219
2.326
2.259
2.167
2.419
2.14
2.326
2.172
2.325
2.176
2.123
2.308
2.08
2.29
2.295
2.178
2.299
2.308
2.107
2.141
2.181
1.984
2.169
2.308
2.306
2.206
2.171
2.095
2.101
2.271
2.354
2.177
2.177
2.263
2.215
2.26
2.203
2.244
2.274
2.264
2.177
2.181
2.111
2.338
2.27
2.133
2.205
2.295
2.212
2.236
2.142
2.299
2.249
2.308
2.204
2.211
2.156
2.212
2.181
2.156
2.148
2.204
2.357
2.144
2.321
2.271
2.472
2.181
2.121
2.204
2.219
2.126
2.219
2.266
2.441
2.196
2.2
2.206
2.169
2.286
2.156
2.361
2.144
2.376
2.361
2.257
2.204
2.24
2.212
2.177
2.136
2.169
2.231
2.321
2.087
2.287
2.308
2.34
2.177
2.115
2.308
2.204
2.169
2.194
2.393
2.197
2.215
2.194
2.409
2.221
2.27
2.259
2.251
2.12
2.203
2.308
2.224
2.244
2.179
2.196
2.297
2.321
2.339
2.207
2.496
2.231
2.134
2.181
2.364
2.169
2.123
2.224
2.231
2.289
2.244
2.181
2.219
2.295
2.225
2.248
2.334
2.308
2.297
2.306
2.2
2.287
2.331
2.364
2.308
2.439
2.321
2.263
2.337
2.154
2.25
2.415
2.441
2.303
2.197
2.219
2.141
2.374
2.37
2.38
2.295
2.342
2.233
2.156
2.383
2.222
2.156
2.468
2.169
2.169
2.432
2.283
2.199
2.566
2.198
2.308
2.144
2.166
2.076
2.242
2.26
2.178
2.17
2.181
2.139
2.244
2.257
2.28
2.088
2.087
2.129
2.496
2.154
2.351
2.257
2.257
2.144
2.289
2.491
2.144
2.429
2.361
2.181
2.396
2.181
2.209
2.42
2.224
2.265
2.296
2.181
2.306
2.3
2.181
2.308
2.379
2.405
2.17
2.137
2.201
2.321
2.277
2.342
2.338
2.198
2.341
2.252
2.308
2.303
2.154
2.031
2.159
2.296
2.246
2.181
2.347
2.281
2.181
2.29
2.241
2.239
2.212
2.181
2.3
2.137
2.146
2.308
2.111
2.308
2.356
2.476
2.059
2.075
2.363
2.272
2.216
2.267
2.51
2.304
2.352
2.135
2.422
2.158
2.436
2.016
2.181
2.139
2.181
2.308
2.225
2.146
2.171
2.34
2.26
2.172
2.379
2.195
2.308
2.27
2.214
2.282
2.177
2.287
2.202
2.308
2.3
2.278
2.133
2.403
2.224
2.321
2.3
2.222
2.304
2.156
2.242
2.049
2.516
2.103
2.285
2.201
2.3
2.279
2.366
2.299
2.173
2.226
2.083
2.253
2.13
2.27
2.135
2.344
2.3
2.178
2.261
2.409
2.111
2.105
2.294
2.16
2.059
2.217
2.181
2.263
2.219
2.031
2.148
2.302
2.231
2.301
2.181
2.244
2.159
2.146
2.344
2.308
2.295
2.27
2.292
2.275
2.3
2.287
2.374
2.297
2.177
2.336
2.206
2.411
2.39
2.128
2.181
2.25
2.347
2.24
2.3
2.296
2.238
2.277
2.299
2.107
2.267
2.165
2.139
2.363
2.171
2.5
2.441
2.337
2.361
2.288
2.074
2.08
2.125
2.235
2.195
2.347
2.181
2.144
2.194
2.456
2.147
2.334
2.206
2.146
2.266
2.159
2.339
2.333
2.11
2.308
2.052
2.244
2.23
2.364
2.24
2.252
2.308
2.374
2.215
2.236
2.198
2.308
2.305
2.321
2.297
2.18
2.263
2.261
2.181
2.257
2.25
2.039
2.219
2.271
2.283
2.176
2.264
2.349
2.181
2.441
2.213
2.181
2.156
2.1
2.201
2.24
2.337
2.26
2.159
2.408
2.219
2.235
2.417
2.25
2.297
2.308
2.289
2.259
2.12
2.394
2.181
2.273
2.122
2.379
2.181
2.113
2.181
2.29
2.21
2.138
2.16
2.21
2.486
2.209
2.179
2.39
2.308
2.197
2.097
2.234
2.213
2.132
2.259
2.321
2.302
2.197
2.283
2.136
2.234
2.441
2.286
2.289
2.156
2.295
2.231
2.207
2.27
2.364
2.384
2.239
2.274
2.231
2.374
2.375
2.181
2.283
2.303
2.255
2.101
2.276
2.283
2.167
2.236
2.283
2.369
2.23
2.353
2.209
2.203
2.262
2.148
2.291
2.209
2.321
2.177
2.349
2.285
2.276
2.301
2.202
2.288
2.265
2.244
2.043
2.227
2.278
2.212
2.283
2.179
2.28
2.323
2.231
2.414
2.214
2.295
2.297
2.325
2.229
2.15
2.308
2.264
2.235
2.328
2.166
2.302
2.21
2.234
2.267
2.141
2.204
2.308
2.295
2.33
2.235
2.265
2.307
2.285
2.166
2.333
2.457
2.401
2.059
2.308
2.27
2.251
2.208
2.51
2.356
2.226
2.181
2.496
2.194
2.295
2.259
2.181
2.425
2.144
2.308
2.059
2.479
2.169
2.158
2.181
2.137
2.128
2.334
2.334
2.194
2.537
2.268
2.174
2.248
2.234
2.144
2.295
2.258
2.214
2.179
2.212
2.088
2.181
2.229
2.038
2.134
2.364
2.257
2.25
2.245
2.197
2.276
2.234
2.341
2.271
2.257
2.29
2.197
2.361
2.414
2.257
2.261
1.988
2.359
2.231
2.088
2.201
2.257
2.431
2.224
2.249
2.181
2.226
2.287
2.177
2.3
2.181
2.221
2.343
2.225
2.43
2.244
2.377
2.241
2.378
2.293
2.295
2.173
2.262
2.134
2.255
2.219
2.275
2.321
2.274
2.347
2.261
2.181
2.297
2.233
2.178
2.308
2.387
2.347
2.197
2.274
2.18
2.26
2.393
2.475
2.095
2.181
2.172
2.223
2.057
2.365
2.329
2.24
2.287
2.208
2.158
2.228
2.194
2.291
2.197
2.217
2.248
2.259
2.347
2.144
2.202
2.347
2.169
2.059
2.149
2.206
2.308
2.351
2.261
2.17
2.387
2.156
2.353
2.173
2.206
2.358
2.347
2.156
2.41
2.295
2.136
2.212
2.292
2.223
2.141
2.276
2.236
2.022
2.174
2.295
2.222
2.18
2.143
2.33
2.249
2.12
2.308
2.302
2.234
2.387
2.22
2.156
2.414
2.308
2.27
2.295
2.27
2.353
2.216
2.181
2.345
2.295
2.401
2.181
2.271
2.427
2.27
2.27
2.217
2.363
2.056
2.441
2.126
2.165
2.181
2.132
2.394
2.262
2.303
2.349
2.436
2.202
2.172
2.135
2.3
2.411
2.295
2.327
2.395
2.204
2.455
2.159
2.43
2.276
2.29
2.265
2.258
2.221
2.255
2.163
2.176
2.341
2.308
2.132
2.308
2.233
2.219
2.158
2.305
2.141
2.363
2.225
2.215
2.241
2.247
2.059
2.347
2.308
2.366
2.326
2.076
2.101
2.277
2.012
2.234
2.181
2.278
2.358
2.171
2.116
2.362
2.146
2.238
2.29
2.289
2.308
2.476
2.093
2.28
2.283
2.221
2.093
2.253
2.369
2.336
2.257
2.195
2.197
2.257
2.308
2.377
2.363
2.361
2.16
2.305
2.283
2.308
2.142
2.226
2.361
2.302
2.405
2.307
2.234
2.302
2.124
2.26
2.262
2.328
2.261
2.26
2.235
2.383
2.259
2.305
2.414
2.2
2.3
2.343
2.347
2.336
2.334
2.198
2.353
2.141
2.326
2.394
2.274
2.401
2.181
2.146
2.059
2.198
2.231
2.383
2.132
2.135
2.247
2.172
2.22
2.299
2.122
2.361
2.239
2.261
2.058
2.181
2.236
2.387
2.261
2.169
2.176
2.21
2.374
2.28
2.349
2.219
2.122
2.303
2.244
2.213
2.334
2.276
2.283
2.308
2.295
2.247
2.302
2.126
2.128
2.441
2.279
2.137
2.206
2.24
2.334
2.286
2.169
2.086
2.33
2.051
2.323
2.169
2.307
2.381
2.219
2.194
2.27
2.253
2.308
2.274
2.249
2.273
2.088
2.331
2.398
2.159
2.257
2.406
2.283
2.239
2.158
2.181
2.181
2.164
2.308
2.098
2.181
2.289
2.35
2.217
2.175
2.355
2.23
2.308
2.277
2.098
2.441
2.205
2.17
2.092
2.257
2.238
2.121
2.357
2.371
2.305
2.414
2.254
2.086
2.27
2.391
2.216
2.29
2.27
2.078
2.339
2.162
2.095
2.159
2.147
2.135
2.199
2.287
2.181
2.273
2.059
2.286
2.167
2.367
2.25
2.298
2.411
2.076
2.206
2.234
2.343
2.207
2.238
2.33
2.244
2.139
2.156
2.137
2.308
2.118
2.401
2.237
2.155
2.259
2.147
2.225
2.194
2.223
2.278
2.401
2.244
2.121
2.089
2.223
2.181
2.173
2.138
2.33
2.113
2.231
2.132
2.181
2.136
2.349
2.366
2.361
2.203
2.21
2.181
2.326
2.253
2.169
2.197
2.059
2.321
2.162
2.219
2.3
2.135
2.178
2.133
2.295
2.21
2.198
2.152
2.387
2.159
2.177
2.18
2.286
2.059
2.154
2.12
2.207
2.231
2.362
2.275
2.195
2.181
2.279
2.263
2.123
2.153
2.278
2.308
2.231
2.129
2.369
2.219
2.15
2.297
2.247
2.046
2.172
2.088
2.166
2.323
2.181
2.347
2.297
2.223
2.252
2.283
2.206
2.385
2.308
2.431
2.321
2.234
2.199
2.283
2.283
2.346
2.326
2.259
2.15
2.27
2.308
2.281
2.436
2.278
2.154
2.257
2.336
2.299
2.09
2.401
2.244
2.299
2.257
2.159
2.387
2.418
2.365
2.248
2.33
2.354
2.134
2.178
2.023
2.308
2.054
2.059
2.172
2.308
2.235
2.283
2.233
2.441
2.246
2.103
2.263
2.265
2.198
2.173
2.156
2.295
2.263
2.107
2.288
2.131
2.308
2.347
2.387
2.16
2.181
2.29
2.235
2.308
2.53
2.165
2.341
2.344
2.283
2.199
2.198
2.175
2.263
2.154
2.28
2.227
2.475
2.305
2.244
2.298
2.228
2.234
2.261
2.172
2.246
2.408
2.059
2.219
2.161
2.234
2.308
2.139
2.265
2.174
2.235
2.244
2.126
2.22
2.224
2.207
2.179
2.21
2.387
2.169
2.287
2.277
2.114
2.494
2.223
2.273
2.308
2.195
2.074
2.163
2.295
2.231
2.421
2.439
2.392
2.357
2.329
2.308
2.116
2.272
2.46
2.441
2.144
2.247
2.253
2.196
2.278
2.47
2.379
2.122
2.342
2.274
2.416
2.263
2.221
2.157
2.033
2.308
2.174
2.308
2.279
2.261
2.295
2.161
2.374
2.231
2.358
2.169
2.246
2.199
2.207
2.308
2.277
2.212
2.181
2.305
2.433
2.181
2.339
2.178
2.116
2.25
2.308
2.123
2.257
2.325
2.219
2.405
2.253
2.181
2.295
2.283
2.308
2.057
2.338
2.352
2.324
2.265
2.308
2.206
2.387
2.295
2.288
2.295
2.045
2.226
2.201
2.375
2.227
2.181
2.38
2.275
2.403
2.361
2.231
2.295
2.287
2.262
2.257
2.367
2.233
2.173
2.288
2.287
2.233
2.387
2.234
2.265
2.235
2.172
2.245
2.054
2.038
2.302
2.308
2.238
2.249
2.273
2.051
2.35
2.181
2.223
2.334
2.404
2.136
2.229
2.3
2.249
2.297
2.169
2.283
2.151
2.299
2.246
2.233
2.296
2.307
2.334
2.206
2.16
2.156
2.113
2.255
2.291
2.181
2.178
2.51
2.181
2.219
2.288
2.401
2.303
2.389
2.304
2.156
2.253
2.374
2.231
2.059
2.432
1.19
2.178
1.499
2.321
2.267
2.374
1.499
2.158
2.43
2.434
2.2
2.231
2.18
2.181
2.144
2.247
2.482
1.604
2.104
2.195
1.607
1.712
1.712
1.605
2.221
2.039
2.032
2.423
2.244
2.161
2.414
2.27
1.395
2.149
2.132
2.166
2.047
2.304
2.159
2.272
2.386
2.11
2.156
2.144
2.195
2.392
1.605
2.049
2.271
2.399
2.053
0.985
2.221
2.053
2.053
2.219
2.178
2.175
0.985
2.156
0.985
2.051
2.163
2.234
1.822
2.302
2.175
2.308
2.394
2.152
2.244
2.12
2.283
1.822
2.12
2.259
2.257
2.172
2.151
2.265
2.238
2.347
2.26
2.308
2.181
2.308
2.25
2.181
2.181
2.081
2.12
2.181
2.264
2.181
2.257
2.113
2.136
2.351
2.216
2.158
2.178
2.35
2.174
2.181
2.181
2.219
2.181
2.238
2.237
2.206
2.176
2.255
2.181
2.27
2.181
2.181
2.308
2.194
2.287
2.35
2.217
2.328
2.083
2.259
2.181
2.297
2.273
2.302
2.424
2.179
2.175
2.162
2.295
2.47
2.236
2.352
2.337
2.059
2.423
2.095
2.275
2.279
2.156
2.037
2.288
2.277
2.248
2.383
2.298
2.078
2.206
2.102
2.283
2.095
2.24
2.104
2.239
2.356
2.272
2.179
2.297
2.29
2.225
2.27
2.376
2.277
2.055
2.611
2.365
2.285
2.219
2.262
2.226
