2.389
2.135
2.283
1.934
2.262
2.113
2.383
2.169
2.366
2.326
2.326
2.388
2.352
2.429
2.353
2.427
2.272
2.089
2.375
2.308
2.23
2.263
2.257
2.249
2.244
2.276
2.297
2.387
2.243
2.181
2.23
2.258
2.015
2.351
2.3
2.235
2.262
2.163
2.253
2.304
2.255
2.292
2.327
2.276
2.387
2.111
2.257
2.274
2.035
2.25
2.283
2.361
2.304
2.283
2.301
2.308
2.21
2.1
2.302
2.085
2.25
2.406
2.302
2.159
2.259
2.156
2.264
2.364
2.271
2.156
2.171
2.303
2.18
2.13
2.27
2.11
2.173
2.047
2.374
2.3
2.233
2.29
2.002
2.181
2.124
2.141
2.246
2.257
2.241
2.156
1.292
2.181
2.095
1.712
2.38
2.418
2.161
2.174
2.303
2.177
2.402
2.181
2.227
2.053
2.231
2.055
2.053
2.278
2.284
2.361
2.174
2.361
2.299
2.171
2.302
2.175
2.292
2.178
2.181
2.152
2.21
2.297
2.166
2.206
2.132
2.303
2.288
2.419
2.264
2.181
2.203
2.372
2.041
2.308
2.284
2.18
2.389
2.181
2.144
2.109
2.222
2.231
2.28
2.35
2.225
2.181
2.144
2.289
2.249
2.207
2.405
2.16
2.134
2.295
2.204
2.463
2.219
2.299
2.306
2.057
2.364
2.209
2.132
2.2
2.103
2.052
2.295
2.176
2.283
2.149
2.247
2.155
2.366
2.181
2.3
2.059
2.259
2.169
2.176
2.436
2.225
2.181
2.135
2.212
2.433
2.288
2.274
2.393
2.641
2.171
2.302
2.224
2.242
2.231
2.302
2.283
2.288
2.275
2.247
2.283
2.059
2.274
2.244
2.181
2.179
2.15
2.367
2.275
2.257
2.197
2.283
2.156
2.212
2.295
2.244
2.206
2.179
2.276
2.099
2.206
2.244
2.22
2.367
2.257
2.272
2.22
2.169
2.401
2.023
2.202
2.276
2.241
2.272
2.181
2.308
2.227
2.304
2.306
2.162
2.27
2.25
2.242
1.988
2.334
2.129
2.247
2.391
2.436
2.259
2.276
2.181
2.285
2.308
2.247
2.181
2.196
2.308
2.204
2.206
2.236
2.149
2.258
2.38
2.176
2.329
2.233
2.351
2.308
2.273
2.406
2.227
2.156
2.251
2.417
2.295
2.341
2.263
2.298
2.156
2.295
2.169
2.404
2.33
2.156
2.337
2.161
2.258
2.222
2.355
2.201
2.3
2.13
2.149
2.181
2.169
2.179
2.169
2.369
2.131
2.159
2.279
2.12
2.441
2.148
2.364
2.397
2.173
2.242
2.209
2.165
2.246
2.105
2.201
2.181
2.465
2.297
2.052
2.231
2.154
2.308
2.308
2.372
2.261
2.27
2.308
2.107
2.237
2.27
2.255
2.156
2.167
2.266
2.212
2.169
2.374
2.135
2.271
2.283
2.053
2.083
2.353
2.364
2.308
2.134
2.226
2.308
2.27
2.238
2.295
2.132
2.277
2.379
2.308
2.225
2.246
2.227
2.366
2.171
2.248
2.101
2.295
2.302
2.199
2.236
2.238
2.206
2.231
2.198
2.252
2.159
2.195
2.095
2.098
2.242
2.387
2.175
2.219
2.441
2.275
2.366
2.231
2.38
2.181
2.098
2.125
2.288
2.091
2.306
2.143
2.356
2.16
2.277
2.321
2.18
2.387
2.178
2.288
2.263
2.12
2.219
2.259
2.163
2.283
1.986
2.219
2.181
2.239
2.308
2.34
2.02
2.236
2.121
2.13
2.169
2.288
2.294
2.18
2.244
2.144
2.233
2.26
2.267
2.181
2.021
2.139
2.212
2.147
2.201
2.287
2.405
2.247
2.144
2.172
2.286
2.273
2.38
2.288
2.533
2.217
2.334
2.159
2.234
2.295
2.163
2.078
2.244
2.302
2.225
2.009
2.156
2.3
2.132
2.358
2.075
2.173
2.25
2.294
2.244
2.181
2.178
2.173
2.298
2.236
2.115
2.12
2.359
2.169
2.073
2.122
2.392
2.421
2.289
2.175
2.238
2.21
2.244
2.194
2.181
2.181
2.365
2.132
2.164
2.308
2.222
2.278
2.262
2.149
2.196
2.305
2.388
2.283
2.291
2.308
2.299
2.181
2.291
2.225
2.219
2.468
2.136
2.18
2.223
2.257
2.336
2.339
2.248
2.059
2.364
2.219
2.257
2.219
2.14
2.303
2.167
2.149
2.123
2.308
2.257
2.279
2.103
2.175
2.181
2.253
2.299
2.441
2.181
1.992
2.125
2.262
2.181
2.132
2.241
2.216
2.408
2.175
2.283
2.181
2.099
2.361
2.262
2.323
2.219
2.401
2.181
2.087
2.153
2.017
2.406
2.239
2.235
2.321
2.346
2.376
2.169
2.365
2.179
2.113
2.285
2.219
2.231
2.272
2.219
2.244
2.084
2.169
2.308
2.365
2.12
2.179
2.235
2.432
2.219
2.414
2.215
2.104
2.288
2.132
2.181
2.173
2.3
2.233
2.387
2.219
2.295
2.098
2.181
2.271
2.299
2.231
2.42
2.197
2.028
2.167
2.387
2.244
2.177
2.159
2.014
2.334
2.235
2.265
2.177
2.138
2.349
2.114
2.181
2.432
2.16
2.172
2.156
2.167
2.392
2.284
2.248
2.303
2.231
2.169
2.087
2.154
2.274
2.162
2.396
2.209
2.287
2.259
2.308
2.389
2.202
2.152
2.221
2.059
2.207
2.252
2.156
2.132
2.035
1.933
2.037
2.181
2.238
2.38
2.161
2.365
2.305
2.374
2.098
2.223
2.169
2.297
2.167
2.226
2.264
2.17
2.308
2.129
2.347
2.3
2.334
2.219
2.163
2.392
2.367
2.231
2.113
2.059
2.247
2.275
2.366
2.288
2.144
2.26
2.305
2.169
2.285
2.299
2.33
2.42
2.26
2.265
2.308
2.151
2.163
2.424
2.127
2.273
2.244
2.219
2.059
2.181
2.225
2.169
2.168
2.169
2.209
2.21
2.173
2.16
2.259
2.27
2.169
2.195
2.21
2.362
2.334
2.288
2.239
2.247
2.266
2.308
2.134
2.294
2.177
2.141
2.288
2.138
2.228
2.081
2.337
2.111
2.206
2.225
2.137
2.285
2.271
2.331
2.231
2.292
2.222
2.178
2.181
2.107
2.414
2.263
2.051
2.277
2.169
2.21
2.278
2.134
2.243
2.431
2.181
2.259
2.39
2.487
2.334
2.295
2.226
2.241
2.233
2.17
2.231
2.277
2.231
2.206
2.15
2.232
2.167
2.129
2.382
2.243
2.223
2.147
2.128
2.221
2.199
2.276
2.416
2.298
2.138
2.286
2.353
2.392
2.095
2.116
2.238
2.326
2.239
2.127
2.246
2.347
2.351
2.173
2.177
2.178
2.156
2.361
2.26
2.194
2.27
2.166
2.012
2.058
2.308
2.364
2.224
2.083
2.181
2.26
2.357
2.156
2.221
2.226
2.24
2.409
2.334
2.341
2.263
2.347
2.107
2.253
2.209
2.308
2.262
2.273
2.344
2.144
2.163
2.295
2.262
2.325
2.181
2.248
2.265
2.181
2.291
2.35
2.424
2.172
2.166
2.429
2.138
2.173
2.286
2.257
2.181
2.27
2.165
2.181
2.299
2.308
2.151
2.181
2.195
2.336
2.361
2.181
2.085
2.427
2.427
2.172
2.114
2.181
2.248
2.246
2.302
2.181
2.295
2.337
2.136
2.11
2.273
1.953
2.181
2.295
2.151
2.384
2.257
2.249
2.253
2.257
2.177
2.174
2.12
2.376
2.308
2.165
2.142
2.181
2.254
2.289
2.325
2.152
2.208
2.431
2.291
2.361
2.237
2.223
2.158
2.116
2.303
2.214
2.34
2.468
2.286
2.213
2.301
2.179
2.12
2.206
2.253
2.405
2.209
2.407
2.202
2.365
2.241
2.166
2.418
2.276
2.288
2.212
2.171
2.142
2.341
2.144
2.176
2.334
2.077
2.219
2.127
2.39
2.419
2.27
2.235
2.295
2.347
2.272
2.209
2.202
2.303
2.263
2.272
2.304
2.277
2.27
2.204
2.278
2.47
2.308
2.108
2.281
2.265
2.377
2.278
2.095
2.289
2.321
2.112
2.299
2.263
2.27
2.259
2.28
2.219
2.24
2.087
1.96
2.153
2.136
2.252
2.244
2.29
2.026
2.125
2.43
2.387
2.396
2.172
2.181
2.308
2.125
2.116
2.124
2.468
2.276
2.075
2.122
2.34
2.172
2.366
2.109
2.345
2.252
2.441
2.035
2.231
2.261
2.201
2.135
2.166
2.268
2.307
2.427
2.172
2.138
2.36
2.295
2.308
2.235
2.29
2.161
2.203
2.211
2.234
2.153
2.181
2.274
2.081
2.111
2.302
2.253
2.175
2.339
2.295
2.288
2.257
2.181
2.178
2.25
2.244
2.181
2.343
2.352
2.342
2.107
2.206
2.134
2.237
2.308
2.257
2.283
2.379
2.334
2.352
2.181
2.169
2.244
2.201
2.219
2.144
2.261
2.156
2.047
2.235
2.226
2.341
2.441
2.246
2.169
2.178
2.26
2.308
2.304
2.059
2.113
2.092
2.417
2.321
2.369
2.291
2.283
2.283
2.308
2.216
2.404
2.201
2.001
2.308
2.336
2.156
2.291
2.222
2.307
2.423
2.3
2.159
2.361
2.337
2.268
2.175
2.249
2.231
2.283
2.361
2.144
2.169
2.077
2.427
2.308
2.283
2.224
2.181
2.166
2.308
2.128
2.176
2.264
2.181
2.211
2.308
2.211
2.222
2.174
2.248
2.223
2.181
2.231
2.286
2.368
2.181
2.177
2.146
2.223
2.248
2.105
2.259
2.231
2.209
2.351
2.234
2.414
2.407
2.144
2.288
2.181
2.409
2.212
2.27
2.176
2.331
2.059
2.272
2.092
2.367
2.224
2.221
2.257
2.326
2.393
2.142
2.325
2.308
2.347
2.154
2.262
2.293
2.379
2.355
2.342
2.147
2.204
2.351
2.244
2.329
2.181
2.308
2.291
2.231
2.527
2.175
2.059
2.498
2.204
2.283
2.476
2.361
2.177
2.281
2.387
2.197
2.301
2.284
2.225
2.181
2.171
2.244
2.202
2.252
2.221
2.283
2.288
2.241
2.253
2.285
2.361
2.236
2.374
2.302
2.342
2.174
2.162
2.351
2.181
2.411
2.231
2.401
2.396
2.169
2.427
2.308
2.284
2.129
2.229
2.387
2.083
2.208
2.181
2.153
2.048
2.057
2.338
2.277
2.18
2.276
2.365
2.244
2.27
2.297
2.221
2.361
2.231
2.284
2.147
2.308
2.302
2.427
2.363
2.237
2.219
2.181
2.233
2.286
2.179
2.159
2.261
2.17
2.144
2.146
2.438
2.208
2.169
2.181
2.265
2.328
2.194
2.292
2.219
2.257
2.12
2.225
2.181
2.258
2.173
2.267
2.377
2.2
2.295
2.298
2.21
2.238
2.124
2.222
2.237
2.039
2.181
2.295
2.171
2.321
2.238
2.175
2.181
2.283
2.241
2.303
2.338
2.196
2.361
2.144
2.257
2.344
2.26
2.361
2.121
2.056
2.27
2.302
2.149
2.171
2.357
2.136
2.181
2.34
2.17
2.138
2.271
2.303
2.054
2.118
2.245
2.261
2.3
2.377
2.361
2.176
2.247
2.278
2.33
2.267
2.274
2.257
2.181
2.339
2.059
2.441
2.279
2.261
2.178
2.297
2.409
2.321
2.405
2.153
2.059
2.247
2.159
2.231
2.308
2.05
2.139
2.387
2.378
2.387
2.243
2.123
2.102
2.321
2.2
2.151
2.239
2.365
2.234
2.133
2.181
2.17
2.156
2.117
2.175
2.206
2.181
2.441
2.209
2.29
2.153
2.362
2.181
2.175
2.179
2.11
2.279
2.113
2.295
2.431
2.418
2.176
2.121
2.175
2.308
2.209
2.292
2.264
2.289
2.126
2.206
2.273
2.181
2.386
2.302
2.181
2.274
2.343
1.933
2.21
2.284
2.328
2.223
2.25
2.211
2.128
2.25
2.266
2.181
2.244
2.212
2.432
2.177
2.27
2.214
2.297
2.298
2.122
2.053
2.258
2.099
2.04
2.261
2.169
2.231
2.038
2.357
2.175
2.308
2.33
2.209
2.216
2.308
2.299
2.244
2.308
2.165
2.244
2.351
2.273
2.374
2.181
2.152
2.308
2.231
2.225
2.194
2.336
2.181
2.254
2.26
2.116
2.057
2.132
2.171
2.181
2.337
2.217
2.181
2.165
2.284
2.304
2.244
2.279
2.135
2.238
2.263
2.206
2.324
2.198
2.222
2.287
2.177
2.154
2.201
2.144
2.308
2.285
2.263
2.287
2.244
2.276
2.173
2.259
2.338
2.302
2.279
2.198
2.212
2.223
2.142
2.287
2.292
2.392
2.246
2.308
2.094
2.26
2.306
1.979
2.303
2.305
2.272
2.156
2.219
2.341
2.308
2.369
2.215
2.257
2.299
2.308
2.152
2.285
2.25
2.172
2.387
2.077
2.3
2.299
2.09
2.308
2.219
2.257
2.18
2.174
2.181
2.434
2.344
2.308
2.3
2.12
2.147
2.523
2.326
2.326
2.274
2.372
2.097
2.212
2.244
2.308
2.085
2.231
2.194
2.362
2.228
2.138
2.099
2.134
2.433
2.16
2.059
2.3
2.406
2.361
2.175
2.287
2.292
2.194
2.354
2.169
2.138
2.14
2.169
2.293
2.308
2.234
2.206
2.407
2.177
2.107
2.239
2.343
2.219
2.286
2.276
2.49
2.146
2.367
2.194
2.409
2.059
2.341
2.206
2.283
2.212
2.202
2.324
2.29
2.297
2.197
2.359
2.262
2.206
2.294
2.235
2.441
2.429
2.238
2.27
2.26
2.297
2.427
2.247
2.241
2.244
2.231
2.396
2.383
2.24
2.355
2.441
2.556
2.261
2.367
2.1
2.28
2.272
2.286
2.334
2.387
2.401
2.18
2.195
2.408
2.407
2.284
2.163
2.177
2.176
2.27
2.3
2.321
2.206
2.308
2.156
2.212
2.101
2.263
2.27
2.277
2.138
2.225
2.212
2.05
2.217
2.301
2.285
2.174
2.336
2.181
2.284
2.11
2.257
2.274
2.138
2.284
2.264
2.246
2.27
2.163
2.308
2.181
2.308
2.242
2.387
2.035
2.361
2.287
2.176
2.156
2.334
2.366
2.325
2.356
2.35
2.288
2.244
2.169
2.518
2.417
2.149
2.271
2.172
2.091
2.21
2.12
2.285
2.173
2.243
2.34
2.369
2.308
2.167
2.262
2.27
2.047
2.295
2.198
2.374
2.265
2.175
2.441
2.144
2.352
2.251
2.412
2.169
2.172
2.289
2.214
2.352
2.295
2.178
2.21
2.172
2.132
2.265
2.273
2.169
2.16
2.156
2.132
2.15
2.257
2.271
2.015
2.156
2.221
2.103
2.17
2.159
2.408
2.12
2.18
2.371
2.234
2.175
2.198
2.178
2.3
2.3
2.354
2.365
2.362
2.264
2.396
2.175
2.473
2.25
2.143
2.303
2.16
2.259
2.441
2.101
2.308
2.356
2.244
2.257
2.257
2.284
2.215
2.112
2.283
2.337
2.276
2.326
2.181
2.409
2.287
2.194
2.178
2.132
2.254
2.406
2.194
2.257
2.231
2.209
2.302
2.235
2.261
2.376
2.144
2.262
2.306
2.486
2.181
2.149
2.376
2.169
2.265
2.261
2.023
2.172
2.26
2.288
2.169
2.262
2.16
2.304
2.239
2.248
2.238
2.151
2.366
2.172
2.257
2.139
2.301
2.287
2.109
2.273
2.181
2.177
2.301
2.233
2.128
2.252
2.289
2.337
2.326
2.136
2.181
2.089
2.273
2.267
2.359
2.234
2.265
2.352
2.144
2.123
2.381
2.095
2.244
2.252
2.175
2.267
2.401
2.181
2.037
2.272
2.156
2.418
2.227
2.306
2.354
2.194
2.257
2.363
2.271
2.169
2.172
2.25
2.29
2.283
2.107
2.156
2.387
2.231
2.408
2.177
2.161
2.295
2.414
2.393
2.136
2.287
2.135
2.5
2.287
2.323
2.202
2.523
2.273
2.165
2.17
2.158
2.283
2.287
2.288
2.299
2.221
2.249
2.121
2.244
2.241
2.221
2.181
2.222
2.397
2.258
2.179
2.247
2.156
2.154
2.297
2.525
2.177
2.376
2.298
2.439
2.327
2.138
2.263
2.181
2.427
2.3
2.163
2.306
2.308
2.248
2.241
2.144
2.358
2.3
2.308
2.289
2.254
2.293
2.347
2.274
2.308
2.146
2.226
2.306
2.361
2.175
2.301
2.112
2.26
2.173
2.181
2.231
2.125
2.289
2.361
2.25
2.304
2.334
2.427
2.279
2.297
2.276
2.414
2.489
2.132
2.178
2.207
2.181
2.059
2.388
2.246
2.159
2.485
2.308
2.366
2.212
2.287
2.344
2.216
2.299
2.266
2.222
2.198
2.293
2.377
2.308
2.302
2.172
2.278
2.219
2.28
2.212
2.27
2.334
2.271
2.24
2.27
2.042
2.175
2.035
2.278
2.27
2.228
2.172
2.257
2.233
2.275
2.295
2.181
2.294
2.264
2.178
2.283
2.181
2.27
2.299
2.411
2.227
2.176
2.107
2.144
2.3
2.117
2.294
2.273
2.308
2.137
2.332
2.416
2.384
2.432
2.374
2.363
2.287
2.178
2.27
2.379
2.113
2.2
2.276
2.339
2.137
2.219
2.27
2.175
2.397
2.304
2.264
2.115
2.141
2.203
2.394
2.289
2.272
2.233
2.219
2.308
2.394
2.127
2.37
2.265
2.303
2.237
2.236
2.248
2.107
2.259
2.414
2.27
2.288
2.259
2.055
2.181
2.302
2.327
2.156
2.172
2.272
2.077
2.101
2.175
2.295
2.172
2.374
2.253
2.263
2.138
2.27
2.179
2.089
2.132
2.04
2.118
2.132
2.297
2.265
2.164
2.095
2.169
2.283
2.306
2.146
2.113
2.089
2.431
2.219
2.29
2.355
2.305
2.299
2.291
2.152
2.235
2.304
2.253
2.054
2.305
2.306
2.178
2.289
2.11
2.297
2.441
2.29
2.39
2.163
2.295
2.181
2.289
2.303
2.257
2.179
2.164
2.283
2.432
2.308
2.285
2.441
2.283
2.202
2.334
2.156
2.194
2.374
2.249
2.206
2.308
2.171
2.178
2.179
2.181
2.206
2.414
2.329
2.337
2.366
2.387
2.261
2.286
2.401
2.216
2.033
2.295
2.306
2.406
2.293
2.24
2.244
2.25
2.263
2.175
2.132
2.098
2.073
2.338
2.308
2.264
2.134
2.093
2.38
2.308
2.135
2.262
2.236
2.308
2.303
2.138
2.379
2.227
2.239
2.219
2.283
2.377
2.27
2.473
2.261
2.308
2.338
2.163
2.176
2.172
2.212
2.126
2.422
2.279
2.208
2.151
2.226
2.432
2.059
2.2
2.219
2.181
2.222
2.308
2.349
2.343
2.25
2.167
2.29
2.308
2.222
2.537
2.271
2.336
2.328
2.135
2.292
2.329
2.244
2.285
2.222
2.308
2.338
2.381
2.148
2.308
2.195
2.383
2.485
2.275
2.308
2.233
2.407
2.116
2.124
2.288
2.169
2.51
2.398
2.148
2.305
2.107
2.361
2.216
2.261
2.244
2.138
2.235
2.221
2.181
2.323
2.159
2.391
2.178
2.109
2.268
2.369
2.436
2.23
2.151
2.3
2.181
2.26
2.289
2.171
2.167
2.3
2.208
2.148
2.361
2.248
2.164
2.172
2.329
2.276
2.078
2.3
2.306
2.346
2.27
2.308
2.277
2.246
2.27
2.298
2.278
2.123
2.332
2.111
2.225
2.355
2.169
2.363
2.244
2.181
2.102
2.285
2.341
2.117
2.151
2.394
2.215
2.263
2.144
2.197
2.012
2.209
2.181
2.262
2.181
2.227
2.361
2.308
2.21
2.283
2.174
2.275
2.159
2.259
2.255
2.198
2.361
2.244
2.122
2.178
2.273
2.102
2.427
2.233
2.169
2.27
2.13
2.375
2.365
2.3
2.333
2.159
2.181
2.219
2.176
2.194
2.052
2.125
2.334
2.283
2.298
2.177
2.265
2.181
2.376
2.281
2.29
2.302
2.414
2.198
2.326
2.233
2.289
2.257
2.164
2.231
2.2
2.244
2.308
2.194
2.134
2.087
2.356
2.147
2.174
2.397
2.093
2.248
2.12
2.224
2.264
2.166
2.235
2.3
2.389
2.132
2.231
2.374
2.236
2.253
2.163
2.181
2.369
2.308
2.266
2.171
2.181
2.38
2.283
2.195
2.357
2.295
2.433
2.35
2.181
2.105
2.219
2.252
2.304
2.13
2.126
2.259
2.235
2.115
2.295
2.276
2.39
2.304
2.308
2.181
2.059
2.467
2.198
2.174
2.019
2.181
2.132
2.047
2.369
2.054
2.378
2.257
2.179
2.155
2.035
2.152
2.374
2.257
2.236
1.994
2.249
2.27
2.414
2.23
2.202
2.205
2.18
2.389
2.16
2.206
2.219
2.229
2.095
2.279
2.206
2.181
2.179
2.283
2.395
2.163
2.153
2.239
2.308
2.288
2.253
2.156
2.279
2.169
2.369
2.245
2.347
2.308
2.308
2.169
2.321
2.411
2.216
2.177
2.257
2.271
2.223
2.274
2.12
2.163
2.419
2.234
2.181
2.341
2.231
2.343
2.087
2.215
2.283
2.441
2.102
2.377
2.347
2.233
2.203
2.137
2.171
2.223
2.279
2.352
2.109
2.379
2.194
2.195
2.181
2.308
2.247
2.126
2.326
2.27
2.132
2.179
2.199
2.266
2.321
2.302
2.351
2.247
2.308
2.181
2.198
2.231
2.225
2.283
2.113
2.233
2.268
2.295
2.265
2.164
2.144
2.259
2.141
2.257
2.173
2.308
2.156
2.148
2.156
2.201
2.111
2.221
2.099
2.257
2.262
2.288
2.206
2.264
2.308
2.089
2.159
2.361
2.249
2.295
2.174
2.401
2.25
2.262
2.169
2.272
2.342
2.181
2.295
2.164
2.235
2.224
2.255
2.39
2.181
2.295
2.208
2.181
2.233
2.308
2.278
2.13
2.172
1.958
2.057
2.387
2.339
2.326
2.25
2.196
2.275
2.212
2.077
2.147
2.259
2.378
2.286
2.287
2.334
2.268
2.376
2.263
2.212
2.181
2.206
2.121
2.337
2.263
2.293
2.08
2.302
2.041
2.246
2.497
2.132
2.247
2.158
2.276
2.246
2.181
2.25
2.181
2.214
2.181
2.179
2.264
2.263
2.219
2.374
2.249
2.244
2.148
2.308
2.212
2.379
2.299
2.077
2.262
2.181
2.308
2.181
2.139
2.3
2.38
2.197
2.144
2.363
2.087
2.227
2.306
2.334
2.283
2.347
2.222
2.257
2.248
2.385
2.212
2.251
2.274
2.208
2.27
2.194
2.304
2.229
2.159
2.289
2.118
2.289
2.041
2.249
2.396
2.362
2.308
2.3
2.231
2.163
2.404
2.304
2.305
2.414
2.156
2.338
2.376
2.133
2.245
2.277
2.246
2.266
2.177
2.26
2.2
2.295
2.385
2.172
2.263
2.14
2.263
2.276
2.059
2.339
2.075
2.246
2.27
2.21
2.169
2.24
2.261
2.347
2.349
2.241
2.293
2.37
2.181
2.156
2.156
2.123
2.295
2.122
2.181
2.081
2.283
2.227
2.107
2.372
2.347
2.132
2.053
2.358
2.308
2.208
2.233
2.327
2.219
2.153
2.136
2.181
2.254
2.212
2.086
2.244
2.308
2.261
2.374
2.338
2.271
2.082
2.088
2.285
2.212
2.25
2.169
2.387
2.177
2.414
2.308
2.161
2.362
2.27
2.209
2.248
2.28
2.181
2.275
2.169
2.284
2.24
2.194
2.218
2.308
2.107
2.144
2.113
2.334
2.403
2.174
2.234
2.276
2.347
2.308
2.307
2.111
2.287
2.176
2.146
2.289
2.297
2.354
2.141
2.288
2.206
2.179
2.059
2.059
2.181
2.181
2.329
2.16
2.167
2.3
2.253
2.181
2.326
2.275
2.431
2.287
2.308
2.307
2.247
2.204
2.158
2.11
2.181
2.224
2.302
2.163
2.404
2.283
2.144
2.132
2.343
2.271
2.169
2.401
2.364
2.194
2.248
2.097
2.209
2.083
2.1
2.216
2.277
2.283
2.38
2.261
2.007
2.123
2.341
2.244
2.101
2.169
2.374
2.286
2.169
2.289
2.244
2.441
2.308
2.51
2.221
2.283
2.27
2.238
2.286
2.367
2.135
2.431
2.128
2.308
2.238
2.181
2.169
2.247
2.159
2.035
2.095
2.163
2.107
2.288
2.262
2.219
2.236
2.304
2.225
2.289
2.103
2.308
2.24
2.181
2.427
2.287
2.171
2.128
2.231
2.12
2.321
2.299
2.234
2.212
2.331
2.219
2.307
2.219
2.286
2.485
2.089
2.387
2.273
2.158
2.079
2.3
2.175
2.476
2.299
2.328
2.295
2.178
2.389
2.095
2.21
2.167
2.219
2.204
2.135
2.223
2.105
2.178
2.27
2.283
2.272
2.141
2.155
2.357
2.154
2.194
2.287
2.173
2.229
2.198
2.382
2.127
2.286
2.132
2.258
2.349
2.105
2.369
2.338
2.308
2.406
2.298
2.347
2.223
2.414
2.334
2.283
2.216
2.387
2.162
2.288
2.305
2.29
2.174
2.287
2.237
2.364
2.441
2.257
2.233
2.181
2.401
2.441
2.338
2.304
2.162
2.291
2.124
2.22
2.152
2.284
2.274
2.032
2.275
2.325
2.26
2.257
2.095
2.096
2.24
2.414
2.127
2.181
2.159
2.208
2.303
2.233
2.276
2.284
1.936
2.2
2.342
2.286
2.122
2.416
2.276
2.107
2.254
2.047
2.339
2.341
2.215
2.154
2.347
2.257
2.273
2.374
2.403
2.181
2.148
2.291
2.304
2.349
2.27
2.244
2.16
2.219
2.374
2.387
2.28
2.179
2.273
2.3
2.111
2.308
2.26
2.181
2.361
2.147
2.161
2.201
2.334
2.288
2.23
2.257
2.292
2.208
2.181
2.175
2.375
2.353
2.325
2.231
2.308
2.306
2.283
2.274
2.239
2.284
2.262
2.407
2.519
2.126
2.33
2.441
2.256
2.302
2.165
2.125
2.178
2.198
2.308
2.331
2.238
2.233
2.287
2.308
2.301
2.278
2.286
2.407
2.287
2.12
2.172
2.349
2.173
2.244
2.163
2.28
2.181
2.232
2.156
2.255
2.224
2.334
2.234
2.308
2.306
2.284
2.304
2.175
2.121
2.154
2.213
2.27
2.305
2.349
2.259
2.392
2.366
2.289
2.21
2.249
2.308
2.305
2.236
2.471
2.285
2.211
2.107
2.396
2.25
2.038
2.249
2.295
2.352
2.272
2.289
2.366
2.384
2.353
2.224
2.343
2.383
2.339
2.224
2.308
2.34
2.216
2.132
2.242
2.403
2.39
2.387
2.345
2.308
2.295
2.426
2.266
2.456
2.231
2.295
2.142
2.27
2.393
2.289
2.299
2.172
2.056
2.286
2.328
2.272
2.239
2.283
2.239
2.259
2.381
2.27
2.219
2.383
2.167
2.43
2.169
2.512
2.124
2.092
2.2
2.18
2.289
2.126
2.18
2.423
2.206
2.334
2.326
2.324
2.234
2.353
2.181
2.404
2.177
2.178
2.12
2.399
2.124
2.339
2.144
2.308
2.141
2.387
2.145
2.308
2.339
2.164
2.307
2.499
2.234
2.297
2.144
2.099
2.321
2.306
2.283
2.056
2.135
2.206
2.3
2.577
2.414
2.248
2.244
2.307
2.181
2.284
2.25
2.244
2.308
2.221
2.164
2.051
2.176
2.304
2.21
2.279
2.347
2.275
2.234
2.095
2.254
2.13
2.361
2.263
2.153
2.169
2.181
2.308
2.169
2.308
2.308
2.414
2.334
2.238
2.05
2.248
2.181
2.371
2.132
2.307
2.139
2.179
2.137
2.194
2.261
2.077
2.295
2.083
2.29
2.287
2.401
2.225
2.224
2.25
2.222
2.265
2.175
2.488
2.431
2.179
2.321
2.234
2.181
2.419
2.259
2.253
2.27
2.132
2.244
2.283
2.407
2.137
2.171
2.254
2.219
2.308
2.204
2.341
2.355
2.073
2.146
2.224
2.206
2.266
2.338
2.401
2.121
2.299
2.298
2.037
2.353
2.276
2.174
2.181
2.291
2.274
2.295
2.208
2.401
2.023
2.156
2.25
2.223
2.173
2.175
2.306
2.322
2.05
2.181
2.497
2.087
2.244
2.419
2.225
2.288
2.104
2.298
2.198
2.177
2.308
2.362
1.974
2.132
2.458
2.1
2.427
2.181
2.376
2.247
2.308
2.181
2.274
2.177
2.414
2.166
2.297
2.175
2.334
2.308
2.334
2.181
2.362
2.217
2.272
2.422
2.38
2.12
2.362
2.308
2.107
2.229
2.194
2.308
2.353
2.166
2.136
2.337
2.306
2.257
2.035
2.148
2.237
2.272
2.393
2.15
2.075
2.356
2.407
2.236
2.338
2.397
2.037
2.321
2.299
2.156
2.176
2.27
2.225
2.297
2.304
2.435
2.17
2.166
2.441
2.137
2.16
2.238
2.152
2.175
2.253
2.304
2.297
2.325
2.396
2.056
2.295
2.283
2.34
2.255
2.403
2.101
2.298
2.371
2.059
2.321
2.43
2.054
2.181
2.321
2.247
2.298
2.29
2.141
2.297
2.38
2.289
2.397
2.308
2.394
2.25
2.292
2.356
2.347
2.277
2.179
2.258
2.412
2.264
2.059
2.261
2.334
2.292
2.113
2.181
2.27
2.139
2.165
2.219
2.274
2.12
2.272
2.239
2.208
2.266
2.169
2.181
2.009
2.258
2.167
2.263
2.181
2.109
2.135
2.164
2.247
2.367
2.367
2.219
2.323
2.04
2.231
2.252
2.156
2.236
2.276
2.158
2.263
2.219
2.09
2.201
2.225
2.181
2.279
2.275
2.228
2.248
2.248
2.367
2.118
2.43
2.241
2.375
2.378
2.222
2.145
2.304
2.215
2.222
2.271
2.28
2.139
2.285
2.263
2.241
2.149
2.232
2.333
2.195
2.253
2.262
2.177
2.212
2.147
2.156
2.222
2.306
2.231
2.139
2.244
2.101
2.308
2.289
2.231
2.216
2.308
2.293
2.071
2.308
2.352
2.304
2.27
2.257
2.224
2.28
2.087
2.333
2.083
2.054
2.365
2.3
2.206
2.204
2.158
2.181
2.407
2.181
2.381
2.429
2.308
2.268
2.054
2.361
2.441
2.087
2.123
2.272
2.231
2.295
2.41
2.11
2.281
2.059
2.264
2.278
2.175
2.378
2.295
2.201
2.223
2.249
2.403
2.206
2.412
2.16
2.306
2.258
2.206
2.156
2.216
2.059
2.165
2.163
2.214
2.274
2.241
2.101
2.268
2.27
2.16
2.172
2.334
2.112
2.243
2.271
2.225
2.24
2.098
2.299
2.181
2.298
2.206
2.145
2.228
2.51
2.123
2.27
2.308
2.12
2.323
2.361
2.18
2.194
2.181
2.286
2.409
2.107
2.202
2.144
2.283
2.334
2.216
2.308
2.226
2.175
2.132
2.27
2.38
2.351
2.15
2.113
2.308
2.194
2.283
2.228
2.302
2.389
2.301
2.27
2.077
2.212
2.321
2.157
2.28
2.308
2.272
2.249
2.231
2.208
2.412
2.154
2.441
2.179
2.248
2.199
2.421
2.204
2.206
2.144
2.175
2.288
2.348
2.295
2.35
2.25
2.291
2.302
2.258
2.262
2.244
2.179
2.089
2.012
2.132
2.364
2.308
2.324
2.215
2.163
2.3
2.135
2.292
2.234
2.3
2.2
2.181
2.146
2.169
2.321
2.271
2.352
2.049
2.181
2.427
2.246
2.398
2.227
2.135
2.169
2.367
2.171
2.249
2.283
2.351
2.237
2.334
2.393
2.225
2.153
2.435
2.28
2.128
2.278
2.387
2.235
2.095
2.273
2.126
2.249
2.361
2.091
2.181
2.156
2.247
2.328
2.107
2.221
2.262
2.111
2.288
2.284
2.272
2.305
2.236
2.274
2.236
2.238
2.274
2.147
2.136
2.111
2.012
2.436
2.298
1.985
2.181
2.308
2.359
2.283
2.295
2.332
2.29
2.301
2.145
2.277
2.283
2.265
2.35
2.299
2.165
2.206
2.307
2.276
2.15
2.268
2.123
2.499
2.362
2.262
2.14
2.264
2.262
2.11
2.198
2.264
2.259
2.145
2.258
2.258
2.18
2.139
2.231
2.222
2.161
2.247
2.27
2.374
2.308
2.105
2.305
2.334
2.298
2.308
2.129
2.302
2.281
2.265
2.153
2.387
2.224
2.163
2.237
2.097
2.171
2.219
2.238
2.217
2.181
2.244
2.414
2.295
2.146
2.224
2.129
2.288
2.26
