1.528415 4.949842 3.236316
1.481069 4.611975 2.894913
1.514528 4.851696 3.136337
1.486658 4.652363 2.935301
1.485306 4.642613 2.925541
1.526614 4.937155 3.223357
1.522281 4.906584 3.192172
1.490519 4.680182 2.963191
1.541572 5.042182 3.330951
1.49957 4.745124 3.028509
1.51676 4.867518 3.152412
1.482845 4.624832 2.907757
1.493045 4.69834 2.981424
1.505996 4.79102 3.074851
1.506718 4.796168 3.080058
1.481069 4.611975 2.894913
1.507442 4.801326 3.085277
1.493275 4.699997 2.983089
1.500041 4.748497 3.03191
1.486658 4.652363 2.935301
1.484857 4.639371 2.922297
1.51676 4.867518 3.152412
1.52355 4.915541 3.201302
1.496756 4.724973 3.00821
1.453844 4.41301 2.697733
1.509381 4.815128 3.099251
1.530745 4.966239 3.253081
1.49629 4.72163 3.004844
1.51676 4.867518 3.152412
1.478423 4.592808 2.875787
1.498864 4.740072 3.023417
1.511576 4.83074 3.115073
1.499334 4.743439 3.026811
1.504317 4.779046 3.062747
1.502647 4.767125 3.050705
1.493968 4.704974 2.988091
1.512067 4.834222 3.118604
1.460354 4.460944 2.744958
1.505275 4.785882 3.069656
1.503123 4.770525 3.054139
1.51527 4.85696 3.141683
1.477109 4.583276 2.866287
1.485981 4.647483 2.930416
1.509381 4.815128 3.099251
1.481956 4.618396 2.901326
1.459532 4.454902 2.738996
1.539165 5.025334 3.313644
1.492354 4.693376 2.976436
1.531525 4.971726 3.258695
1.526614 4.937155 3.223357
1.512067 4.834222 3.118604
1.484409 4.636133 2.919058
1.531525 4.971726 3.258695
1.45708 4.436863 2.721211
1.546984 5.079986 3.36985
1.456267 4.430879 2.715317
1.549448 5.097165 3.387556
1.446899 4.361609 2.647295
1.504317 4.779046 3.062747
1.510599 4.82379 3.108028
1.530745 4.966239 3.253081
1.496756 4.724973 3.00821
1.483515 4.62967 2.912593
1.507442 4.801326 3.085277
1.471057 4.539252 2.822492
1.51676 4.867518 3.152412
1.493506 4.701655 2.984755
1.513049 4.841198 3.125681
1.486432 4.650735 2.933672
1.541841 5.04406 3.332882
1.484857 4.639371 2.922297
1.483962 4.632899 2.915823
1.544267 5.06102 3.350324
1.47515 4.569044 2.852113
1.528157 4.948026 3.234461
1.544809 5.064803 3.354217
1.483962 4.632899 2.915823
1.505755 4.789307 3.073118
1.507684 4.803048 3.087019
1.490748 4.681828 2.964842
1.494431 4.708296 2.991431
1.453844 4.41301 2.697733
1.505275 4.785882 3.069656
1.51676 4.867518 3.152412
1.483962 4.632899 2.915823
1.459943 4.457921 2.741975
1.505035 4.784171 3.067927
1.486658 4.652363 2.935301
1.512067 4.834222 3.118604
1.528415 4.949842 3.236316
1.508652 4.809944 3.094001
1.510599 4.82379 3.108028
1.490977 4.683475 2.966495
1.484857 4.639371 2.922297
1.470629 4.536135 2.819398
1.51676 4.867518 3.152412
1.511332 4.829001 3.11331
1.512312 4.835964 3.120371
1.460354 4.460944 2.744958
1.490519 4.680182 2.963191
1.512803 4.839452 3.12391
1.495359 4.714955 2.998128
1.533877 4.988253 3.275616
1.534928 4.99563 3.283175
1.49816 4.73503 3.018337
1.458099 4.444364 2.728603
1.531786 4.973558 3.26057
1.49816 4.73503 3.018337
1.493275 4.699997 2.983089
1.509381 4.815128 3.099251
1.485306 4.642613 2.925541
1.499805 4.74681 3.030209
1.494895 4.711624 2.994777
1.479302 4.599181 2.882144
1.483962 4.632899 2.915823
1.516014 4.862234 3.147042
1.504556 4.780753 3.064472
1.469138 4.525258 2.808602
1.505755 4.789306 3.073118
1.49629 4.72163 3.004844
1.471057 4.539252 2.822492
1.514775 4.853449 3.138118
1.508895 4.811671 3.09575
1.525589 4.929932 3.215983
1.515518 4.858717 3.143468
1.507442 4.801326 3.085277
1.507684 4.803048 3.087019
1.515766 4.860475 3.145254
1.5511 5.108675 3.399429
1.468714 4.522159 2.805528
1.509867 4.81859 3.102758
1.473204 4.554889 2.838031
1.524058 4.919131 3.204964
1.492354 4.693376 2.976436
1.525078 4.926327 3.212304
1.469989 4.531468 2.814764
1.479082 4.597587 2.880553
1.457487 4.439861 2.724165
1.464502 4.491368 2.775026
1.509867 4.81859 3.102758
1.464294 4.489838 2.773512
1.463043 4.480678 2.764453
1.485981 4.647483 2.930416
1.51527 4.85696 3.141683
1.460354 4.460944 2.744958
1.514281 4.849943 3.134558
1.494431 4.708296 2.991431
1.550273 5.102914 3.393486
1.507684 4.803047 3.087019
1.525334 4.928129 3.214143
1.495359 4.714955 2.998128
1.520011 4.890536 3.175826
1.485082 4.640992 2.923918
1.490977 4.683475 2.966495
1.502172 4.763728 3.047277
1.492354 4.693376 2.976436
1.486658 4.652363 2.935301
1.523296 4.913747 3.199473
1.490519 4.680182 2.963191
1.528415 4.949842 3.236316
1.478862 4.595993 2.878963
1.503123 4.770525 3.054139
1.521018 4.897657 3.183077
1.504317 4.779046 3.062747
1.547803 5.085701 3.375738
1.470416 4.534579 2.817852
1.508168 4.806494 3.090507
1.533615 4.986412 3.27373
1.486432 4.650735 2.933672
1.479963 4.603972 2.886924
1.486658 4.652363 2.935301
1.510843 4.825526 3.109787
1.537305 5.0123 3.300267
1.497223 4.728321 3.011581
1.494431 4.708296 2.991431
1.50075 4.753564 3.037021
1.528415 4.949842 3.236316
1.511087 4.827263 3.111548
1.481069 4.611975 2.894913
1.483962 4.632899 2.915823
1.516014 4.862234 3.147042
1.510843 4.825526 3.109787
1.549173 5.095251 3.385582
1.499099 4.741755 3.025113
1.511087 4.827263 3.111548
1.522281 4.906584 3.192172
1.516511 4.865756 3.150621
1.492354 4.693376 2.976436
1.516262 4.863994 3.14883
1.484409 4.636133 2.919058
1.539966 5.030939 3.3194
1.547803 5.085701 3.375738
1.476455 4.578524 2.861552
1.470416 4.534579 2.817852
1.483962 4.632899 2.915823
1.499099 4.741755 3.025113
1.475802 4.57378 2.856827
1.51676 4.867518 3.152412
1.500041 4.748497 3.03191
1.490519 4.680182 2.963191
1.485756 4.645859 2.92879
1.504556 4.780753 3.064472
1.541841 5.04406 3.332882
1.505035 4.784171 3.067927
1.485531 4.644236 2.927165
1.505275 4.785882 3.069656
1.501934 4.762032 3.045564
1.478423 4.592808 2.875787
1.460148 4.459432 2.743466
1.486658 4.652363 2.935301
1.486658 4.652363 2.935301
1.502172 4.763728 3.047277
1.49957 4.745124 3.028509
1.525334 4.928129 3.214143
1.489606 4.67361 2.956597
1.550273 5.102914 3.393486
1.542379 5.04782 3.336747
1.53704 5.010443 3.298362
1.514034 4.848192 3.13278
1.499099 4.741755 3.025113
1.475367 4.570622 2.853683
1.530745 4.966239 3.253081
1.495359 4.714955 2.998128
1.457894 4.442862 2.727122
1.485306 4.642613 2.925541
1.509867 4.81859 3.102758
1.530485 4.964412 3.251213
1.50841 4.808218 3.092254
1.511821 4.83248 3.116838
1.49816 4.73503 3.018337
1.490062 4.676894 2.959892
1.503123 4.770525 3.054139
1.502409 4.765426 3.04899
1.470843 4.537693 2.820944
1.466179 4.50364 2.787174
1.538367 5.019741 3.307902
1.457283 4.438362 2.722687
1.493275 4.699997 2.983089
1.486658 4.652363 2.935301
1.473204 4.554889 2.838031
1.483068 4.626444 2.909368
1.510599 4.82379 3.108028
1.568364 5.228418 3.523425
1.501223 4.756948 3.040434
1.502647 4.767125 3.050705
1.495359 4.714955 2.998128
1.463668 4.485254 2.768978
1.502885 4.768824 3.052422
1.492354 4.693376 2.976436
1.521018 4.897657 3.183077
1.51527 4.85696 3.141683
1.494431 4.708296 2.991431
1.479963 4.603972 2.886924
1.477328 4.584863 2.867867
1.525334 4.928129 3.214143
1.507442 4.801326 3.085277
1.465969 4.502103 2.785652
1.503362 4.772227 3.055858
1.50841 4.808218 3.092253
1.4745 4.564317 2.847409
1.5036 4.77393 3.057578
1.5036 4.77393 3.057578
1.474933 4.567468 2.850544
1.52919 4.955297 3.241892
1.489606 4.67361 2.956597
1.532046 4.975391 3.262445
1.52919 4.955297 3.241892
1.495359 4.714955 2.998128
1.545623 5.070487 3.360068
1.513541 4.844693 3.129228
1.485531 4.644236 2.927165
1.548624 5.091427 3.38164
1.526614 4.937155 3.223357
1.501223 4.756948 3.040434
1.505755 4.789307 3.073118
1.511332 4.829001 3.11331
1.476237 4.576941 2.859976
1.528415 4.949842 3.236316
1.508895 4.811671 3.09575
1.5036 4.77393 3.057578
1.490062 4.676894 2.959892
1.486658 4.652363 2.935301
1.505515 4.787594 3.071386
1.533615 4.986412 3.27373
1.507442 4.801326 3.085277
1.535192 4.997477 3.285068
1.496756 4.724973 3.00821
1.502172 4.763728 3.047277
1.485531 4.644236 2.927165
1.485306 4.642613 2.925541
1.51676 4.867518 3.152412
1.508652 4.809944 3.094001
1.486658 4.652363 2.935301
1.511087 4.827263 3.111548
1.51676 4.867518 3.152412
1.486658 4.652363 2.935301
1.479522 4.600777 2.883736
1.512067 4.834222 3.118604
1.483962 4.632899 2.915823
1.512312 4.835964 3.120371
1.49629 4.72163 3.004844
1.46639 4.505178 2.788698
1.486658 4.652363 2.935301
1.505515 4.787594 3.071386
1.538367 5.019741 3.307902
1.483962 4.632899 2.915823
1.493045 4.69834 2.981424
1.476455 4.578524 2.861552
1.476237 4.576941 2.859976
1.51676 4.867518 3.152412
1.494431 4.708296 2.991431
1.490977 4.683475 2.966495
1.54211 5.045939 3.334814
1.509381 4.815128 3.099251
1.484857 4.639371 2.922297
1.51676 4.867518 3.152412
1.541572 5.042182 3.330951
1.548624 5.091427 3.38164
1.486206 4.649109 2.932043
1.51676 4.867518 3.152412
1.523296 4.913747 3.199473
1.549173 5.095251 3.385582
1.480184 4.60557 2.888519
1.511087 4.827263 3.111548
1.467866 4.515971 2.799392
1.509624 4.816858 3.101004
1.499805 4.74681 3.030209
1.481069 4.611975 2.894913
1.541036 5.038429 3.327095
1.510599 4.82379 3.108028
1.507442 4.801326 3.085277
1.490062 4.676894 2.959892
1.491894 4.690071 2.973118
1.515518 4.858717 3.143468
1.489606 4.67361 2.956597
1.526614 4.937155 3.223357
1.486658 4.652363 2.935301
1.532307 4.977224 3.264323
1.456267 4.430879 2.715317
1.498864 4.740072 3.023417
1.497691 4.731673 3.014956
1.522281 4.906584 3.192172
1.539966 5.030939 3.3194
1.495824 4.71829 3.001484
1.51527 4.85696 3.141683
1.502647 4.767125 3.050705
1.505275 4.785882 3.069656
1.509867 4.81859 3.102758
1.486658 4.652363 2.935301
1.479522 4.600777 2.883736
1.551653 5.112522 3.4034
1.495359 4.714955 2.998128
1.479522 4.600777 2.883736
1.515766 4.860475 3.145254
1.49629 4.72163 3.004844
1.529448 4.957118 3.243753
1.458507 4.44737 2.731567
1.486658 4.652363 2.935301
1.501697 4.760336 3.043853
1.4824 4.621612 2.904539
1.476455 4.578524 2.861552
1.482178 4.620003 2.902932
1.496057 4.719959 3.003163
1.515766 4.860475 3.145254
1.486658 4.652363 2.935301
1.508895 4.811671 3.09575
1.481734 4.616789 2.899721
1.485531 4.644236 2.927165
1.436721 4.28575 2.57325
1.486658 4.652363 2.935301
1.525334 4.928129 3.214143
1.514034 4.848192 3.13278
1.475802 4.57378 2.856827
1.525334 4.928129 3.214143
1.522028 4.904796 3.190351
1.53414 4.990096 3.277504
1.504317 4.779046 3.062747
1.507442 4.801326 3.085277
1.531005 4.968067 3.254951
1.484633 4.637752 2.920677
1.533615 4.986412 3.27373
1.559201 5.164976 3.457623
1.500041 4.748497 3.03191
1.466811 4.508257 2.791748
1.510599 4.82379 3.108028
1.492354 4.693376 2.976436
1.496523 4.723301 3.006527
1.495359 4.714955 2.998128
1.490519 4.680182 2.963191
1.489606 4.67361 2.956597
1.501934 4.762032 3.045564
1.576286 5.283057 3.580286
1.547803 5.085701 3.375738
1.521776 4.90301 3.18853
1.489606 4.67361 2.956597
1.573037 5.260671 3.556969
1.459532 4.454902 2.738996
1.539699 5.029069 3.31748
1.531005 4.968067 3.254951
1.501223 4.756948 3.040434
1.506959 4.797886 3.081796
1.51676 4.867518 3.152412
1.513541 4.844693 3.129228
1.514528 4.851696 3.136337
1.484409 4.636133 2.919058
1.473204 4.554889 2.838031
1.509624 4.816858 3.101004
1.49629 4.72163 3.004844
1.502647 4.767125 3.050705
1.504796 4.782462 3.066199
1.482178 4.620003 2.902932
1.513541 4.844693 3.129228
1.496989 4.726647 3.009895
1.495824 4.71829 3.001484
1.501934 4.762032 3.045564
1.477328 4.584863 2.867867
1.471914 4.545495 2.828694
1.490519 4.680182 2.963191
1.473851 4.559599 2.842715
1.498629 4.73839 3.021723
1.460148 4.459432 2.743466
1.511087 4.827263 3.111548
1.526614 4.937155 3.223357
1.524313 4.920928 3.206797
1.486658 4.652363 2.935301
1.558072 5.157144 3.449516
1.53704 5.010443 3.298362
1.475802 4.57378 2.856827
1.534402 4.991939 3.279393
1.482178 4.620003 2.902932
1.51676 4.867518 3.152412
1.508168 4.806494 3.090507
1.514034 4.848192 3.13278
1.486658 4.652363 2.935301
1.513541 4.844693 3.129228
1.474067 4.561171 2.844278
1.525078 4.926327 3.212304
1.505755 4.789307 3.073118
1.544267 5.06102 3.350324
1.478423 4.592808 2.875787
1.457691 4.441361 2.725643
1.520011 4.890536 3.175826
1.535455 4.999326 3.286963
1.481956 4.618396 2.901326
1.505515 4.787594 3.071386
1.493275 4.699997 2.983089
1.505035 4.784171 3.067927
1.513541 4.844693 3.129228
1.515766 4.860475 3.145254
1.497457 4.729997 3.013268
1.481512 4.615184 2.898117
1.495359 4.714955 2.998128
1.510599 4.82379 3.108028
1.555546 5.1396 3.43137
1.453041 4.407082 2.691905
1.483962 4.632899 2.915823
1.495591 4.716622 2.999805
1.514281 4.849943 3.134558
1.454649 4.418952 2.703578
1.481734 4.616789 2.899721
1.513541 4.844693 3.129228
1.478862 4.595993 2.878963
1.499334 4.743439 3.026811
1.475367 4.570622 2.853683
1.489606 4.67361 2.956597
1.512067 4.834222 3.118604
1.5036 4.77393 3.057578
1.485531 4.644236 2.927165
1.551653 5.112522 3.4034
1.515766 4.860475 3.145254
1.53757 5.014158 3.302174
1.491894 4.690071 2.973118
1.512803 4.839452 3.12391
1.490748 4.681828 2.964842
1.510599 4.82379 3.108028
1.469351 4.526809 2.810141
1.477985 4.589627 2.872616
1.476891 4.581691 2.864707
1.486658 4.652363 2.935301
1.483962 4.632899 2.915823
1.535719 5.001176 3.288859
1.535719 5.001176 3.288859
1.515766 4.860475 3.145254
1.528415 4.949842 3.236316
1.486658 4.652363 2.935301
1.503123 4.770525 3.054139
1.462836 4.479155 2.762947
1.580764 5.313864 3.612421
1.501697 4.760336 3.043853
1.524568 4.922727 3.208631
1.528931 4.953477 3.240032
1.514281 4.849943 3.134558
1.496523 4.723301 3.006527
1.516262 4.863994 3.14883
1.470416 4.534579 2.817852
1.513788 4.846442 3.131003
1.481069 4.611975 2.894913
1.528157 4.948026 3.234461
1.500041 4.748497 3.03191
1.540768 5.036554 3.325169
1.505515 4.787594 3.071386
1.51676 4.867518 3.152412
1.514528 4.851696 3.136337
1.484633 4.637752 2.920677
1.523296 4.913747 3.199473
1.528415 4.949842 3.236316
1.481512 4.615184 2.898117
1.494431 4.708296 2.991431
1.506959 4.797886 3.081796
1.489606 4.67361 2.956597
1.495824 4.71829 3.001484
1.46639 4.505178 2.788698
1.466811 4.508257 2.791748
1.541572 5.042182 3.330951
1.511821 4.83248 3.116838
1.513541 4.844693 3.129228
1.486432 4.650735 2.933672
1.571863 5.252574 3.548542
1.482178 4.620003 2.902932
1.484185 4.634516 2.91744
1.502647 4.767125 3.050705
1.510599 4.82379 3.108028
1.512067 4.834222 3.118604
1.492354 4.693376 2.976436
1.542917 5.051585 3.340619
1.502647 4.767125 3.050705
1.531525 4.971726 3.258695
1.500277 4.750185 3.033612
1.551653 5.112522 3.4034
1.459327 4.453394 2.737508
1.460354 4.460944 2.744958
1.486658 4.652363 2.935301
1.509624 4.816858 3.101004
1.486658 4.652363 2.935301
1.479743 4.602374 2.885329
1.541572 5.042182 3.330951
1.486432 4.650735 2.933672
1.527385 4.942585 3.228902
1.530226 4.962587 3.249345
1.536511 5.006732 3.294556
1.516262 4.863994 3.14883
1.502172 4.763728 3.047277
1.524823 4.924526 3.210467
1.511332 4.829001 3.11331
1.514775 4.853449 3.138118
1.481069 4.611975 2.894913
1.485756 4.645859 2.92879
1.512067 4.834222 3.118604
1.490519 4.680182 2.963191
1.51676 4.867518 3.152412
1.459121 4.451887 2.736021
1.507442 4.801326 3.085277
1.45708 4.436863 2.721211
1.486658 4.652363 2.935301
1.497223 4.728321 3.011581
1.475802 4.57378 2.856827
1.51527 4.85696 3.141683
1.472343 4.548623 2.831802
1.514281 4.849943 3.134558
1.493968 4.704974 2.988091
1.502885 4.768824 3.052422
1.495359 4.714955 2.998128
1.512312 4.835964 3.120371
1.466179 4.50364 2.787174
1.492354 4.693376 2.976436
1.486658 4.652363 2.935301
1.502647 4.767125 3.050705
1.526614 4.937155 3.223357
1.4666 4.506717 2.790222
1.491664 4.688421 2.97146
1.522028 4.904796 3.190351
1.533877 4.988253 3.275616
1.468501 4.52061 2.803992
1.473204 4.554889 2.838031
1.500986 4.755256 3.038727
1.492354 4.693376 2.976436
1.51676 4.867518 3.152412
1.538633 5.021604 3.309815
1.510599 4.82379 3.108028
1.464502 4.491368 2.775026
1.530745 4.966239 3.253081
1.51527 4.85696 3.141683
1.506236 4.792735 3.076585
1.512312 4.835964 3.120371
1.52127 4.89944 3.184894
1.492124 4.691723 2.974776
1.479302 4.599181 2.882144
1.493275 4.699997 2.983089
1.533615 4.986412 3.27373
1.51676 4.867518 3.152412
1.491664 4.688421 2.97146
1.474067 4.561171 2.844278
1.51676 4.867518 3.152412
1.484633 4.637752 2.920677
1.472343 4.548623 2.831802
1.513788 4.846442 3.131003
1.505755 4.789307 3.073118
1.477328 4.584863 2.867867
1.522281 4.906584 3.192172
1.486658 4.652363 2.935301
1.547803 5.085701 3.375738
1.523804 4.917335 3.203132
1.51676 4.867518 3.152412
1.498864 4.740072 3.023417
1.512803 4.839452 3.12391
1.507442 4.801326 3.085277
1.501697 4.760336 3.043853
1.485306 4.642613 2.925541
1.499099 4.741755 3.025113
1.535983 5.003027 3.290757
1.486658 4.652363 2.935301
1.4824 4.621612 2.904539
1.551653 5.112522 3.4034
1.507442 4.801326 3.085277
1.485306 4.642613 2.925541
1.507442 4.801326 3.085277
1.528157 4.948026 3.234461
1.509138 4.813399 3.0975
1.481734 4.616789 2.899721
1.502647 4.767125 3.050705
1.479082 4.597587 2.880553
1.567206 5.22041 3.515106
1.486658 4.652363 2.935301
1.508168 4.806494 3.090507
1.484185 4.634516 2.91744
1.507442 4.801326 3.085277
1.470416 4.534579 2.817852
1.534402 4.991939 3.279393
1.471699 4.543933 2.827142
1.478643 4.5944 2.877375
1.497223 4.728321 3.011581
1.509867 4.81859 3.102758
1.485306 4.642613 2.925541
1.49957 4.745124 3.028509
1.493506 4.701655 2.984755
1.475802 4.57378 2.856827
1.474283 4.562744 2.845843
1.51527 4.85696 3.141683
1.516511 4.865756 3.150621
1.515766 4.860475 3.145254
1.452641 4.404123 2.688998
1.484633 4.637752 2.920677
1.472558 4.550188 2.833358
1.489606 4.67361 2.956597
1.508652 4.809944 3.094001
1.535192 4.997477 3.285068
1.486206 4.649109 2.932043
1.530226 4.962587 3.249345
1.53414 4.990096 3.277504
1.486658 4.652363 2.935301
1.486658 4.652363 2.935301
1.551653 5.112522 3.4034
1.477547 4.58645 2.869449
1.521776 4.90301 3.18853
1.501223 4.756948 3.040434
1.51676 4.867518 3.152412
1.53757 5.014158 3.302174
1.526358 4.935347 3.221511
1.460354 4.460944 2.744958
1.53283 4.980896 3.268081
1.507926 4.80477 3.088763
1.471699 4.543933 2.827142
1.516262 4.863994 3.14883
1.474067 4.561171 2.844278
1.499334 4.743439 3.026811
1.491894 4.690071 2.973118
1.489606 4.67361 2.956597
1.524823 4.924526 3.210467
1.492584 4.695029 2.978098
1.486432 4.650735 2.933672
1.502885 4.768824 3.052422
1.484409 4.636133 2.919058
1.460354 4.460944 2.744958
1.495359 4.714955 2.998128
1.474067 4.561171 2.844278
1.475802 4.57378 2.856827
1.543727 5.057242 3.346437
1.509138 4.813399 3.0975
1.455457 4.424909 2.709439
1.516014 4.862234 3.147042
1.481734 4.616789 2.899721
1.497457 4.729997 3.013268
1.477547 4.58645 2.869449
1.484409 4.636133 2.919058
1.516014 4.862234 3.147042
1.528415 4.949842 3.236316
1.547803 5.085701 3.375738
1.485756 4.645859 2.92879
1.527385 4.942585 3.228902
1.524313 4.920928 3.206797
1.483962 4.632899 2.915823
1.537835 5.016018 3.304082
1.485756 4.645859 2.92879
1.513541 4.844693 3.129228
1.513295 4.842945 3.127454
1.467866 4.515971 2.799392
1.505035 4.784171 3.067927
1.535983 5.003027 3.290757
1.499805 4.74681 3.030209
1.505755 4.789307 3.073118
1.473204 4.554889 2.838031
1.523296 4.913747 3.199473
1.509867 4.81859 3.102758
1.495359 4.714955 2.998128
1.52127 4.89944 3.184894
1.504796 4.782462 3.066199
1.483515 4.62967 2.912593
1.545623 5.070487 3.360068
1.477547 4.58645 2.869449
1.52127 4.89944 3.184894
1.484633 4.637752 2.920677
1.521018 4.897657 3.183077
1.485531 4.644236 2.927165
1.473851 4.559599 2.842715
1.51676 4.867518 3.152412
1.464712 4.492899 2.776541
1.512312 4.835964 3.120371
1.513541 4.844693 3.129228
1.485981 4.647483 2.930416
1.514528 4.851696 3.136337
1.51676 4.867518 3.152412
1.470416 4.534579 2.817852
1.477766 4.588038 2.871032
1.486658 4.652363 2.935301
1.445337 4.350008 2.635941
1.483962 4.632899 2.915823
1.51676 4.867518 3.152412
1.516262 4.863994 3.14883
1.492354 4.693376 2.976436
1.484409 4.636133 2.919058
1.467866 4.515971 2.799392
1.469138 4.525258 2.808602
1.507684 4.803048 3.087019
1.528415 4.949842 3.236316
1.485756 4.645859 2.92879
1.485756 4.645859 2.92879
1.505755 4.789307 3.073118
1.494431 4.708296 2.991431
1.505035 4.784171 3.067927
1.491664 4.688421 2.97146
1.501223 4.756948 3.040434
1.50841 4.808218 3.092253
1.505996 4.79102 3.074851
1.485756 4.645859 2.92879
1.486658 4.652363 2.935301
1.471271 4.540811 2.824041
1.524313 4.920928 3.206797
1.507442 4.801326 3.085277
1.476019 4.57536 2.858401
1.492124 4.691723 2.974776
1.513541 4.844693 3.129228
1.493737 4.703314 2.986422
1.499334 4.743439 3.026811
1.477985 4.589627 2.872616
1.514528 4.851696 3.136337
1.502409 4.765426 3.04899
1.51676 4.867518 3.152412
1.491894 4.690071 2.973118
1.493506 4.701655 2.984755
1.481069 4.611975 2.894913
1.493737 4.703314 2.986422
1.486658 4.652363 2.935301
1.481069 4.611975 2.894913
1.479302 4.599181 2.882144
1.491894 4.690071 2.973118
1.52919 4.955297 3.241892
1.478423 4.592808 2.875787
1.520011 4.890536 3.175826
1.507684 4.803048 3.087019
1.560333 5.17283 3.465756
1.486658 4.652363 2.935301
1.473419 4.556458 2.839591
1.491894 4.690071 2.973118
1.495359 4.714955 2.998128
1.4745 4.564317 2.847409
1.495359 4.714955 2.998128
1.506477 4.794451 3.078321
1.551653 5.112522 3.4034
1.490062 4.676894 2.959892
1.490977 4.683475 2.966495
1.492354 4.693376 2.976436
1.483962 4.632899 2.915823
1.511332 4.829001 3.11331
1.481069 4.611975 2.894913
1.530226 4.962587 3.249345
1.478423 4.592808 2.875787
1.53414 4.990096 3.277504
1.530226 4.962587 3.249345
1.504317 4.779046 3.062747
1.491894 4.690071 2.973118
1.500277 4.750185 3.033612
1.493737 4.703314 2.986422
1.485756 4.645859 2.92879
1.476673 4.580107 2.863129
1.483962 4.632899 2.915823
1.49816 4.73503 3.018337
1.520011 4.890536 3.175826
1.466179 4.50364 2.787174
1.511576 4.83074 3.115073
1.51676 4.867518 3.152412
1.524823 4.924526 3.210467
1.485756 4.645859 2.92879
1.472128 4.547059 2.830248
1.51676 4.867518 3.152412
1.491894 4.690071 2.973118
1.483962 4.632899 2.915823
1.489606 4.67361 2.956597
1.538633 5.021604 3.309815
1.490291 4.678538 2.961541
1.494431 4.708296 2.991431
1.489606 4.67361 2.956597
1.542917 5.051585 3.340619
1.495824 4.71829 3.001484
1.507442 4.801326 3.085277
1.504796 4.782462 3.066199
1.502885 4.768824 3.052422
1.473204 4.554889 2.838031
1.491664 4.688421 2.97146
1.51676 4.867518 3.152412
1.496523 4.723301 3.006527
1.501223 4.756948 3.040434
1.486206 4.649109 2.932043
1.490062 4.676894 2.959892
1.514034 4.848192 3.13278
1.520011 4.890536 3.175826
1.524568 4.922727 3.208631
1.492584 4.695029 2.978098
1.567206 5.22041 3.515106
1.49816 4.73503 3.018337
1.476237 4.576941 2.859976
1.486658 4.652363 2.935301
1.531005 4.968067 3.254951
1.483962 4.632899 2.915823
1.473851 4.559599 2.842715
1.496523 4.723301 3.006527
1.49816 4.73503 3.018337
1.512067 4.834222 3.118604
1.501223 4.756948 3.040434
1.486658 4.652363 2.935301
1.495359 4.714955 2.998128
1.513541 4.844693 3.129228
1.496756 4.724973 3.00821
1.502172 4.763728 3.047277
1.523296 4.913747 3.199473
1.51676 4.867518 3.152412
1.514034 4.848192 3.13278
1.516262 4.863994 3.14883
1.490977 4.683475 2.966495
1.511576 4.83074 3.115073
1.522535 4.908373 3.193995
1.531005 4.968067 3.254951
1.51676 4.867518 3.152412
1.5511 5.108675 3.399429
1.520011 4.890536 3.175826
1.505755 4.789307 3.073118
1.524058 4.919131 3.204964
1.480626 4.608771 2.891714
1.502647 4.767125 3.050705
1.544538 5.062911 3.35227
1.551653 5.112522 3.4034
1.515518 4.858717 3.143468
1.490291 4.678538 2.961541
1.495359 4.714955 2.998128
1.477766 4.588038 2.871032
1.533615 4.986412 3.27373
1.532569 4.97906 3.266201
1.535192 4.997477 3.285068
1.513541 4.844693 3.129228
1.525334 4.928129 3.214143
1.498629 4.73839 3.021723
1.481069 4.611975 2.894913
1.535983 5.003027 3.290757
1.496057 4.719959 3.003163
1.481069 4.611975 2.894913
1.559201 5.164976 3.457623
1.483962 4.632899 2.915823
1.483962 4.632899 2.915823
1.549173 5.095251 3.385582
1.510599 4.82379 3.108028
1.490748 4.681828 2.964842
1.588047 5.363844 3.664672
1.490519 4.680182 2.963191
1.51676 4.867518 3.152412
1.478423 4.592808 2.875787
1.483291 4.628056 2.91098
1.463876 4.486781 2.770488
1.50075 4.753564 3.037021
1.505035 4.784171 3.067927
1.485981 4.647483 2.930416
1.484185 4.634516 2.91744
1.486658 4.652363 2.935301
1.477328 4.584863 2.867867
1.501223 4.756948 3.040434
1.504317 4.779046 3.062747
1.509867 4.81859 3.102758
1.46639 4.505178 2.788698
1.466179 4.50364 2.787174
1.47515 4.569044 2.852113
1.567206 5.22041 3.515106
1.480626 4.608771 2.891714
1.527642 4.944398 3.230754
1.504317 4.779046 3.062747
1.504317 4.779046 3.062747
1.478423 4.592808 2.875787
1.512067 4.834222 3.118604
1.565763 5.210433 3.504746
1.478423 4.592808 2.875787
1.54835 5.089517 3.379671
1.530226 4.962587 3.249345
1.486658 4.652363 2.935301
1.539432 5.027201 3.315561
1.486658 4.652363 2.935301
1.493045 4.69834 2.981424
1.545895 5.072384 3.362021
1.496523 4.723301 3.006527
1.506236 4.792735 3.076585
1.513788 4.846442 3.131003
1.486658 4.652363 2.935301
1.516262 4.863994 3.14883
1.514775 4.853449 3.138118
1.486658 4.652363 2.935301
1.51676 4.867518 3.152412
1.534928 4.99563 3.283175
1.541841 5.04406 3.332882
1.484185 4.634516 2.91744
1.476891 4.581691 2.864707
1.491206 4.685122 2.968149
1.520011 4.890536 3.175826
1.509138 4.813399 3.0975
1.525334 4.928129 3.214143
1.524313 4.920928 3.206797
1.490519 4.680182 2.963191
1.525078 4.926327 3.212304
1.503123 4.770525 3.054139
1.51676 4.867518 3.152412
1.515518 4.858717 3.143468
1.480626 4.608771 2.891714
1.454649 4.418952 2.703578
1.481734 4.616789 2.899721
1.513788 4.846442 3.131003
1.501697 4.760336 3.043853
1.486658 4.652363 2.935301
1.526614 4.937155 3.223357
1.510111 4.820322 3.104513
1.486658 4.652363 2.935301
1.512312 4.835964 3.120371
1.500513 4.751874 3.035316
1.500041 4.748497 3.03191
1.493737 4.703314 2.986422
1.486658 4.652363 2.935301
1.514775 4.853449 3.138118
1.476891 4.581691 2.864707
1.478862 4.595993 2.878963
1.51676 4.867518 3.152412
1.471271 4.540811 2.824041
1.51676 4.867518 3.152412
1.528931 4.953477 3.240032
1.561469 5.180705 3.473915
1.460354 4.460944 2.744958
1.463668 4.485254 2.768978
1.530745 4.966239 3.253081
1.507926 4.80477 3.088763
1.494663 4.709959 2.993104
1.506718 4.796168 3.080058
1.571278 5.248534 3.544339
1.515766 4.860475 3.145254
1.527899 4.946211 3.232606
1.476455 4.578524 2.861552
1.546439 5.076182 3.365933
1.481512 4.615184 2.898117
1.550273 5.102914 3.393486
1.451642 4.396741 2.681746
1.486658 4.652363 2.935301
1.477328 4.584863 2.867867
1.486658 4.652363 2.935301
1.51676 4.867518 3.152412
1.496756 4.724973 3.00821
1.478862 4.595993 2.878963
1.484409 4.636133 2.919058
1.524823 4.924526 3.210467
1.505035 4.784171 3.067927
1.484633 4.637752 2.920677
1.534928 4.99563 3.283175
1.489834 4.675252 2.958244
1.51676 4.867518 3.152412
1.507442 4.801326 3.085277
1.494199 4.706634 2.98976
1.510355 4.822056 3.10627
1.485756 4.645859 2.92879
1.511576 4.83074 3.115073
1.491435 4.686771 2.969804
1.51676 4.867518 3.152412
1.514775 4.853449 3.138118
1.509381 4.815128 3.099251
1.476019 4.57536 2.858401
1.541304 5.040305 3.329022
1.496523 4.723301 3.006527
1.520011 4.890536 3.175826
1.514775 4.853449 3.138118
1.496057 4.719959 3.003163
1.515766 4.860475 3.145254
1.481069 4.611975 2.894913
1.50075 4.753564 3.037021
1.458303 4.445867 2.730084
1.573037 5.260671 3.556969
1.469563 4.528361 2.811681
1.511087 4.827263 3.111548
1.491206 4.685122 2.968149
1.514775 4.853449 3.138118
1.509624 4.816858 3.101004
1.531525 4.971726 3.258695
1.514528 4.851696 3.136337
1.484857 4.639371 2.922297
1.496989 4.726647 3.009895
1.46534 4.497497 2.781091
1.503362 4.772227 3.055858
1.475367 4.570622 2.853683
1.507442 4.801326 3.085277
1.476455 4.578524 2.861552
1.525845 4.931736 3.217824
1.514775 4.853449 3.138118
1.485981 4.647483 2.930416
1.505275 4.785882 3.069656
1.542917 5.051585 3.340619
1.471271 4.540811 2.824041
1.469989 4.531468 2.814764
1.513295 4.842945 3.127454
1.481956 4.618396 2.901326
1.460354 4.460944 2.744958
1.494895 4.711624 2.994777
1.486658 4.652363 2.935301
1.505755 4.789307 3.073118
1.495359 4.714955 2.998128
1.454649 4.418952 2.703578
1.479302 4.599181 2.882144
1.51527 4.85696 3.141683
1.49816 4.73503 3.018337
1.515023 4.855204 3.1399
1.486658 4.652363 2.935301
1.501223 4.756948 3.040434
1.481734 4.616789 2.899721
1.478862 4.595993 2.878963
1.525845 4.931736 3.217824
1.51676 4.867518 3.152412
1.513541 4.844693 3.129228
1.507442 4.801326 3.085277
1.512803 4.839452 3.12391
1.508652 4.809944 3.094001
1.514775 4.853449 3.138118
1.511576 4.83074 3.115073
1.533615 4.986412 3.27373
1.514034 4.848192 3.13278
1.485756 4.645859 2.92879
1.523804 4.917335 3.203132
1.492354 4.693376 2.976436
1.543456 5.055355 3.344496
1.537835 5.016018 3.304082
1.474933 4.567468 2.850544
1.486658 4.652363 2.935301
1.502647 4.767125 3.050705
1.526614 4.937155 3.223357
1.500277 4.750185 3.033612
1.514775 4.853449 3.138118
1.513788 4.846442 3.131003
1.499805 4.74681 3.030209
1.509138 4.813399 3.0975
1.514528 4.851696 3.136337
1.470416 4.534579 2.817852
1.506718 4.796168 3.080058
1.483068 4.626444 2.909368
1.477328 4.584863 2.867867
1.530745 4.966239 3.253081
1.484409 4.636133 2.919058
1.568364 5.228418 3.523425
1.551653 5.112522 3.4034
1.524058 4.919131 3.204964
1.530226 4.962587 3.249345
1.511821 4.83248 3.116838
1.463459 4.483728 2.767469
1.464712 4.492899 2.776541
1.474283 4.562744 2.845843
1.499099 4.741755 3.025113
1.489834 4.675252 2.958244
1.526614 4.937155 3.223357
1.486658 4.652363 2.935301
1.478423 4.592808 2.875787
1.489606 4.67361 2.956597
1.555826 5.141544 3.43338
1.479082 4.597587 2.880553
1.523296 4.913747 3.199473
1.492354 4.693376 2.976436
1.478862 4.595993 2.878963
1.506477 4.794451 3.078321
1.481734 4.616789 2.899721
1.524568 4.922727 3.208631
1.523042 4.911955 3.197646
1.471057 4.539252 2.822492
1.51676 4.867518 3.152412
1.458917 4.45038 2.734535
1.501223 4.756948 3.040434
1.497925 4.733351 3.016646
1.531005 4.968067 3.254951
1.500277 4.750185 3.033612
1.503123 4.770525 3.054139
1.51676 4.867518 3.152412
1.533615 4.986412 3.27373
1.494431 4.708296 2.991431
1.499334 4.743439 3.026811
1.490519 4.680182 2.963191
1.51676 4.867518 3.152412
1.516014 4.862234 3.147042
1.520011 4.890536 3.175826
1.514034 4.848192 3.13278
1.486432 4.650735 2.933672
1.505755 4.789307 3.073118
1.505275 4.785882 3.069656
1.486658 4.652363 2.935301
1.504317 4.779046 3.062747
1.502647 4.767125 3.050705
1.456267 4.430879 2.715317
1.495359 4.714955 2.998128
1.507684 4.803048 3.087019
1.510599 4.82379 3.108028
1.485531 4.644236 2.927165
1.505996 4.79102 3.074851
1.527127 4.940774 3.227052
1.486658 4.652363 2.935301
1.551653 5.112522 3.4034
1.493968 4.704974 2.988091
1.486658 4.652363 2.935301
1.481069 4.611975 2.894913
1.468926 4.523708 2.807065
1.491206 4.685122 2.968149
1.500277 4.750185 3.033612
1.524058 4.919131 3.204964
1.505035 4.784171 3.067927
1.481734 4.616789 2.899721
1.542648 5.049702 3.338682
1.495359 4.714955 2.998128
1.499099 4.741755 3.025113
1.54508 5.066696 3.356166
1.502647 4.767125 3.050705
1.514034 4.848192 3.13278
1.51676 4.867518 3.152412
1.512067 4.834222 3.118604
1.504796 4.782462 3.066199
1.473204 4.554889 2.838031
1.538899 5.023468 3.311729
1.486658 4.652363 2.935301
1.508168 4.806494 3.090507
1.473635 4.558028 2.841153
1.534928 4.99563 3.283175
1.486658 4.652363 2.935301
1.471699 4.543933 2.827142
1.486658 4.652363 2.935301
1.512312 4.835964 3.120371
1.493275 4.699997 2.983089
1.477109 4.583276 2.866287
1.481956 4.618396 2.901326
1.493275 4.699997 2.983089
1.564326 5.200489 3.494428
1.493045 4.69834 2.981424
1.486206 4.649109 2.932043
1.537835 5.016018 3.304082
1.51676 4.867518 3.152412
1.490291 4.678538 2.961541
1.46829 4.519063 2.802458
1.498864 4.740072 3.023417
1.493968 4.704974 2.988091
1.475802 4.57378 2.856827
1.504796 4.782462 3.066199
1.520011 4.890536 3.175826
1.51527 4.85696 3.141683
1.490291 4.678538 2.961541
1.510599 4.82379 3.108028
1.476673 4.580107 2.863129
1.498864 4.740072 3.023417
1.551653 5.112522 3.4034
1.511332 4.829001 3.11331
1.512067 4.834222 3.118604
1.481069 4.611975 2.894913
1.513541 4.844693 3.129228
1.49816 4.73503 3.018337
1.492584 4.695029 2.978098
1.507442 4.801326 3.085277
1.531005 4.968067 3.254951
1.536247 5.004879 3.292656
1.500041 4.748497 3.03191
1.50841 4.808218 3.092253
1.49816 4.73503 3.018337
1.533615 4.986412 3.27373
1.533877 4.988253 3.275616
1.486658 4.652363 2.935301
1.510599 4.82379 3.108028
1.515518 4.858717 3.143468
1.503839 4.775635 3.0593
1.469138 4.525258 2.808602
1.508895 4.811671 3.09575
1.510599 4.82379 3.108028
1.483515 4.62967 2.912593
1.499334 4.743439 3.026811
1.510599 4.82379 3.108028
1.532307 4.977224 3.264323
1.497925 4.733351 3.016646
1.528157 4.948026 3.234461
1.493045 4.69834 2.981424
1.491664 4.688421 2.97146
1.505515 4.787594 3.071386
1.479302 4.599181 2.882144
1.512557 4.837708 3.12214
1.493045 4.69834 2.981424
1.520011 4.890536 3.175826
1.485756 4.645859 2.92879
1.527127 4.940774 3.227052
1.511087 4.827263 3.111548
1.508895 4.811671 3.09575
1.515023 4.855204 3.1399
1.491435 4.686771 2.969804
1.511821 4.83248 3.116838
1.506236 4.792735 3.076585
1.501223 4.756948 3.040434
1.45708 4.436863 2.721211
1.497223 4.728321 3.011581
1.509381 4.815128 3.099251
1.493737 4.703314 2.986422
1.510599 4.82379 3.108028
1.486206 4.649109 2.932043
1.509867 4.81859 3.102758
1.520514 4.894094 3.179449
1.49816 4.73503 3.018337
1.544267 5.06102 3.350324
1.494199 4.706634 2.98976
1.513541 4.844693 3.129228
1.514034 4.848192 3.13278
1.521018 4.897657 3.183077
1.497691 4.731673 3.014956
1.479743 4.602374 2.885329
1.51676 4.867518 3.152412
1.505996 4.79102 3.074851
1.499099 4.741755 3.025113
1.521776 4.90301 3.18853
1.483291 4.628056 2.91098
1.51527 4.85696 3.141683
1.493275 4.699997 2.983089
1.498864 4.740072 3.023417
1.506718 4.796168 3.080058
1.477766 4.588038 2.871032
1.491894 4.690071 2.973118
1.51676 4.867518 3.152412
1.513541 4.844693 3.129228
1.522281 4.906584 3.192172
1.499099 4.741755 3.025113
1.506236 4.792735 3.076585
1.516511 4.865756 3.150621
1.511087 4.827263 3.111548
1.483291 4.628056 2.91098
1.523042 4.911955 3.197646
1.556106 5.143489 3.435391
1.540768 5.036554 3.325169
1.460354 4.460944 2.744958
1.51676 4.867518 3.152412
1.507442 4.801326 3.085277
1.502885 4.768824 3.052422
1.492814 4.696684 2.97976
1.571278 5.248534 3.544339
1.528931 4.953477 3.240032
1.496989 4.726647 3.009895
1.486658 4.652363 2.935301
1.567206 5.22041 3.515106
1.489606 4.67361 2.956597
1.513541 4.844693 3.129228
1.504796 4.782462 3.066199
1.486658 4.652363 2.935301
1.547257 5.08189 3.371811
1.478423 4.592808 2.875787
1.51676 4.867518 3.152412
1.460354 4.460944 2.744958
1.562324 5.186626 3.480052
1.483962 4.632899 2.915823
1.481512 4.615184 2.898117
1.486658 4.652363 2.935301
1.476891 4.581691 2.864707
1.474933 4.567468 2.850544
1.523296 4.913747 3.199473
1.523296 4.913747 3.199473
1.489606 4.67361 2.956597
1.579265 5.303558 3.601665
1.506959 4.797886 3.081796
1.485082 4.640992 2.923918
1.502172 4.763728 3.047277
1.498864 4.740072 3.023417
1.478423 4.592808 2.875787
1.513541 4.844693 3.129228
1.504556 4.780753 3.064472
1.494199 4.706634 2.98976
1.486206 4.649109 2.932043
1.493737 4.703314 2.986422
1.46639 4.505178 2.788698
1.486658 4.652363 2.935301
1.497691 4.731673 3.014956
1.456064 4.429385 2.713846
1.476237 4.576941 2.859976
1.531005 4.968067 3.254951
1.504317 4.779046 3.062747
1.502647 4.767125 3.050705
1.50146 4.758641 3.042143
1.490291 4.678538 2.961541
1.508895 4.811671 3.09575
1.498864 4.740072 3.023417
1.525078 4.926327 3.212304
1.507684 4.803047 3.087019
1.504317 4.779046 3.062747
1.512312 4.835964 3.120371
1.490291 4.678538 2.961541
1.530226 4.962587 3.249345
1.544267 5.06102 3.350324
1.504317 4.779046 3.062747
1.505275 4.785882 3.069656
1.446117 4.355802 2.64161
1.529707 4.95894 3.245616
1.49816 4.73503 3.018337
1.46639 4.505178 2.788698
1.491206 4.685122 2.968149
1.504317 4.779046 3.062747
1.548899 5.093338 3.38361
1.496523 4.723301 3.006527
1.502409 4.765426 3.04899
1.486658 4.652363 2.935301
1.496989 4.726647 3.009895
1.511576 4.83074 3.115073
1.485756 4.645859 2.92879
1.514775 4.853449 3.138118
1.486658 4.652363 2.935301
1.495824 4.71829 3.001484
1.525589 4.929932 3.215983
1.496756 4.724973 3.00821
1.548624 5.091427 3.38164
1.501223 4.756948 3.040434
1.534402 4.991939 3.279393
1.500513 4.751874 3.035316
1.534665 4.993784 3.281283
1.513049 4.841198 3.125681
1.513541 4.844693 3.129228
1.484857 4.639371 2.922297
1.505515 4.787594 3.071386
1.476237 4.576941 2.859976
1.503839 4.775635 3.0593
1.495359 4.714955 2.998128
1.508652 4.809944 3.094001
1.520011 4.890536 3.175826
1.50841 4.808218 3.092254
1.526614 4.937155 3.223357
1.505275 4.785882 3.069656
1.486658 4.652363 2.935301
1.514034 4.848192 3.13278
1.498629 4.73839 3.021723
1.485981 4.647483 2.930416
1.51676 4.867518 3.152412
1.53704 5.010443 3.298362
1.526614 4.937155 3.223357
1.490291 4.678538 2.961541
1.50841 4.808218 3.092254
1.486432 4.650735 2.933672
1.505035 4.784171 3.067927
1.538633 5.021604 3.309815
1.561185 5.178735 3.471873
1.467866 4.515971 2.799392
1.486658 4.652363 2.935301
1.484633 4.637752 2.920677
1.49629 4.72163 3.004844
1.459943 4.457921 2.741975
1.531265 4.969896 3.256822
1.522028 4.904797 3.190351
1.500277 4.750185 3.033612
1.511576 4.83074 3.115073
1.492814 4.696684 2.97976
1.481512 4.615184 2.898117
1.497457 4.729997 3.013268
1.489606 4.67361 2.956597
1.512557 4.837708 3.12214
1.490291 4.678538 2.961541
1.494895 4.711624 2.994777
1.502172 4.763728 3.047277
1.504796 4.782462 3.066199
1.526614 4.937155 3.223357
1.478423 4.592808 2.875787
1.491435 4.686771 2.969804
1.526614 4.937155 3.223357
1.483962 4.632899 2.915823
1.460354 4.460944 2.744958
1.479522 4.600777 2.883736
1.492354 4.693376 2.976436
1.51676 4.867518 3.152412
1.527642 4.944398 3.230754
1.505275 4.785882 3.069656
1.484185 4.634516 2.91744
1.53704 5.010443 3.298362
1.481069 4.611975 2.894913
1.528157 4.948026 3.234461
1.484857 4.639371 2.922297
1.492354 4.693376 2.976436
1.529448 4.957118 3.243753
1.526614 4.937155 3.223357
1.481069 4.611975 2.894913
1.543187 5.05347 3.342557
1.513541 4.844693 3.129228
1.476673 4.580107 2.863129
1.493737 4.703314 2.986422
1.512803 4.839452 3.12391
1.49629 4.72163 3.004844
1.477766 4.588038 2.871032
1.508895 4.811671 3.09575
1.499334 4.743439 3.026811
1.452841 4.405602 2.690451
1.485082 4.640992 2.923918
1.513541 4.844693 3.129228
1.496057 4.719959 3.003163
1.486432 4.650735 2.933672
1.478204 4.591217 2.874201
1.522281 4.906584 3.192172
1.502409 4.765426 3.04899
1.473204 4.554889 2.838031
1.51676 4.867518 3.152412
1.51527 4.85696 3.141683
1.498864 4.740072 3.023417
1.53704 5.010443 3.298362
1.495591 4.716622 2.999805
1.481069 4.611975 2.894913
1.544267 5.06102 3.350324
1.51676 4.867518 3.152412
1.507442 4.801326 3.085277
1.513541 4.844693 3.129228
1.507442 4.801326 3.085277
1.528157 4.948026 3.234461
1.494663 4.709959 2.993104
1.486658 4.652363 2.935301
1.526101 4.933541 3.219667
1.513541 4.844693 3.129228
1.540768 5.036554 3.325169
1.486658 4.652363 2.935301
1.507684 4.803048 3.087019
1.547803 5.085701 3.375738
1.507442 4.801326 3.085277
1.507442 4.801326 3.085277
1.494895 4.711624 2.994777
1.530745 4.966239 3.253081
1.459737 4.456411 2.740485
1.551653 5.112522 3.4034
1.4745 4.564317 2.847409
1.483068 4.626444 2.909368
1.486658 4.652363 2.935301
1.475802 4.57378 2.856827
1.538899 5.023468 3.311729
1.505515 4.787594 3.071386
1.515518 4.858717 3.143468
1.527127 4.940774 3.227052
1.550273 5.102914 3.393486
1.491435 4.686771 2.969804
1.484633 4.637752 2.920677
1.476455 4.578524 2.861552
1.514775 4.853449 3.138118
1.543456 5.055355 3.344496
1.513541 4.844693 3.129228
1.521523 4.901224 3.186711
1.539165 5.025334 3.313644
1.491894 4.690071 2.973118
1.555546 5.1396 3.43137
1.481734 4.616789 2.899721
1.548624 5.091427 3.38164
1.508895 4.811671 3.09575
1.512312 4.835964 3.120371
1.506236 4.792735 3.076585
1.504556 4.780753 3.064472
1.495824 4.71829 3.001484
1.503839 4.775635 3.0593
1.482623 4.623222 2.906148
1.485531 4.644236 2.927165
1.525078 4.926327 3.212304
1.51676 4.867518 3.152412
1.475802 4.57378 2.856827
1.51676 4.867518 3.152412
1.498629 4.73839 3.021723
1.495359 4.714955 2.998128
1.481512 4.615184 2.898117
1.516014 4.862234 3.147042
1.477766 4.588038 2.871032
1.530745 4.966239 3.253081
1.496756 4.724973 3.00821
1.494431 4.708296 2.991431
1.500513 4.751874 3.035316
1.501934 4.762032 3.045564
1.460354 4.460944 2.744958
1.526614 4.937155 3.223357
1.51676 4.867518 3.152412
1.531525 4.971726 3.258695
1.52127 4.89944 3.184894
1.463876 4.486781 2.770488
1.469138 4.525258 2.808602
1.509138 4.813399 3.0975
1.450846 4.390852 2.675964
1.498864 4.740072 3.023417
1.486658 4.652363 2.935301
1.509381 4.815128 3.099251
1.529448 4.957118 3.243753
1.484409 4.636133 2.919058
1.472343 4.548623 2.831802
1.530485 4.964412 3.251213
1.478862 4.595993 2.878963
1.499805 4.74681 3.030209
1.512312 4.835964 3.120371
1.512067 4.834222 3.118604
1.51676 4.867518 3.152412
1.561469 5.180705 3.473915
1.467444 4.512883 2.796331
1.509867 4.81859 3.102758
1.510599 4.82379 3.108028
1.495824 4.71829 3.001484
1.467444 4.512883 2.796331
1.503362 4.772227 3.055858
1.532307 4.977224 3.264323
1.523804 4.917335 3.203132
1.504317 4.779046 3.062747
1.489834 4.675252 2.958244
1.490291 4.678538 2.961541
1.504317 4.779046 3.062747
1.51676 4.867518 3.152412
1.534402 4.991939 3.279393
1.530745 4.966239 3.253081
1.530226 4.962587 3.249345
1.481956 4.618396 2.901326
1.516014 4.862234 3.147042
1.510599 4.82379 3.108028
1.51676 4.867518 3.152412
1.477985 4.589627 2.872616
1.496989 4.726647 3.009895
1.530226 4.962587 3.249345
1.51527 4.85696 3.141683
1.541841 5.04406 3.332882
1.516511 4.865756 3.150621
1.498864 4.740072 3.023417
1.51527 4.85696 3.141683
1.474067 4.561171 2.844278
1.505035 4.784171 3.067927
1.505515 4.787594 3.071386
1.521776 4.90301 3.18853
1.505275 4.785882 3.069656
1.505035 4.784171 3.067927
1.499099 4.741755 3.025113
1.535983 5.003027 3.290757
1.504796 4.782462 3.066199
1.516014 4.862234 3.147042
1.544267 5.06102 3.350324
1.490977 4.683475 2.966495
1.514775 4.853449 3.138118
1.525589 4.929932 3.215983
1.526614 4.937155 3.223357
1.523804 4.917335 3.203132
1.523296 4.913747 3.199473
1.490519 4.680182 2.963191
1.528157 4.948026 3.234461
1.477766 4.588038 2.871032
1.52127 4.89944 3.184894
1.538899 5.023468 3.311729
1.50841 4.808218 3.092253
1.540768 5.036554 3.325169
1.486658 4.652363 2.935301
1.478862 4.595993 2.878963
1.460354 4.460944 2.744958
1.490519 4.680182 2.963191
1.49816 4.73503 3.018337
1.535983 5.003027 3.290757
1.475802 4.57378 2.856827
1.476455 4.578524 2.861552
1.501934 4.762032 3.045564
1.484633 4.637752 2.920677
1.495591 4.716622 2.999805
1.514528 4.851696 3.136337
1.473635 4.558028 2.841153
1.530226 4.962587 3.249345
1.500041 4.748497 3.03191
1.505275 4.785882 3.069656
1.460148 4.459432 2.743466
1.486658 4.652363 2.935301
1.499334 4.743439 3.026811
1.53704 5.010443 3.298362
1.505275 4.785882 3.069656
1.483962 4.632899 2.915823
1.485531 4.644236 2.927165
1.493275 4.699997 2.983089
1.533615 4.986412 3.27373
1.509867 4.81859 3.102758
1.527127 4.940774 3.227052
1.495359 4.714955 2.998128
1.473635 4.558028 2.841153
1.515518 4.858717 3.143468
1.501223 4.756948 3.040434
1.493968 4.704974 2.988091
1.523296 4.913747 3.199473
1.508895 4.811671 3.09575
1.510599 4.82379 3.108028
1.51676 4.867518 3.152412
1.513541 4.844693 3.129228
1.501934 4.762032 3.045564
1.51527 4.85696 3.141683
1.4745 4.564317 2.847409
1.474933 4.567468 2.850544
1.551653 5.112522 3.4034
1.509624 4.816858 3.101004
1.476891 4.581691 2.864707
1.492354 4.693376 2.976436
1.500277 4.750185 3.033612
1.523296 4.913747 3.199473
1.511332 4.829001 3.11331
1.483962 4.632899 2.915823
1.465969 4.502103 2.785652
1.522281 4.906584 3.192172
1.458712 4.448875 2.733051
1.520514 4.894094 3.179449
1.483962 4.632899 2.915823
1.516511 4.865756 3.150621
1.535455 4.999326 3.286963
1.495359 4.714955 2.998128
1.489606 4.67361 2.956597
1.507442 4.801326 3.085277
1.503362 4.772227 3.055858
1.51676 4.867518 3.152412
1.50841 4.808218 3.092253
1.502409 4.765426 3.04899
1.508168 4.806494 3.090507
1.46639 4.505178 2.788698
1.522535 4.908373 3.193995
1.539966 5.030939 3.3194
1.481734 4.616789 2.899721
1.504317 4.779046 3.062747
1.54211 5.045939 3.334814
1.510599 4.82379 3.108028
1.500041 4.748497 3.03191
1.481512 4.615184 2.898117
1.486658 4.652363 2.935301
1.486658 4.652363 2.935301
1.482845 4.624832 2.907757
1.51676 4.867518 3.152412
1.468501 4.52061 2.803992
1.486658 4.652363 2.935301
1.512067 4.834222 3.118604
1.527385 4.942585 3.228902
1.494895 4.711624 2.994777
1.485306 4.642613 2.925541
1.528673 4.951659 3.238173
1.497925 4.733351 3.016646
1.51676 4.867518 3.152412
1.509138 4.813399 3.0975
1.468501 4.52061 2.803992
1.551653 5.112522 3.4034
1.492124 4.691723 2.974776
1.484185 4.634516 2.91744
1.467232 4.51134 2.794802
1.504317 4.779046 3.062747
1.499805 4.74681 3.030209
1.473419 4.556458 2.839591
1.52919 4.955297 3.241892
1.53283 4.980896 3.268081
1.516014 4.862234 3.147042
1.544267 5.06102 3.350324
1.5036 4.77393 3.057578
1.465969 4.502103 2.785652
1.507442 4.801326 3.085277
1.538101 5.017879 3.305991
1.494663 4.709959 2.993104
1.512312 4.835964 3.120371
1.507442 4.801326 3.085277
1.464294 4.489838 2.773512
1.524568 4.922727 3.208631
1.4824 4.621612 2.904539
1.467866 4.515971 2.799392
1.481734 4.616789 2.899721
1.479082 4.597587 2.880553
1.476455 4.578524 2.861552
1.490748 4.681828 2.964842
1.511576 4.83074 3.115073
1.486658 4.652363 2.935301
1.508168 4.806494 3.090507
1.460354 4.460944 2.744958
1.511332 4.829001 3.11331
1.483515 4.62967 2.912593
1.531786 4.973558 3.26057
1.502647 4.767125 3.050705
1.514281 4.849943 3.134558
1.543456 5.055355 3.344496
1.463876 4.486781 2.770488
1.492354 4.693376 2.976436
1.498864 4.740072 3.023417
1.525589 4.929932 3.215983
1.492584 4.695029 2.978098
1.499805 4.74681 3.030209
1.522281 4.906584 3.192172
1.501223 4.756948 3.040434
1.477328 4.584863 2.867867
1.481069 4.611975 2.894913
1.476891 4.581691 2.864707
1.51676 4.867518 3.152412
1.472773 4.551754 2.834914
1.540768 5.036554 3.325169
1.49957 4.745124 3.028509
1.480847 4.610373 2.893313
1.504796 4.782462 3.066199
1.479082 4.597587 2.880553
1.496756 4.724973 3.00821
1.489606 4.67361 2.956597
1.49629 4.72163 3.004844
1.509381 4.815128 3.099251
1.540768 5.036554 3.325169
1.501223 4.756948 3.040434
1.473419 4.556458 2.839591
1.4666 4.506717 2.790222
1.49629 4.72163 3.004844
1.486658 4.652363 2.935301
1.484857 4.639371 2.922297
1.477109 4.583276 2.866287
1.522281 4.906584 3.192172
1.471699 4.543933 2.827142
1.49816 4.73503 3.018337
1.475802 4.57378 2.856827
1.486658 4.652363 2.935301
1.476673 4.580107 2.863129
1.527127 4.940774 3.227052
1.531525 4.971726 3.258695
1.530226 4.962587 3.249345
1.491664 4.688421 2.97146
1.493275 4.699997 2.983089
1.486658 4.652363 2.935301
1.52127 4.89944 3.184894
1.503362 4.772227 3.055858
1.483962 4.632899 2.915823
1.490291 4.678538 2.961541
1.460354 4.460944 2.744958
1.520011 4.890536 3.175826
1.4824 4.621612 2.904539
1.495359 4.714955 2.998128
1.514775 4.853449 3.138118
1.476455 4.578524 2.861552
1.485981 4.647483 2.930416
1.476019 4.57536 2.858401
1.513541 4.844693 3.129228
1.493275 4.699997 2.983089
1.490519 4.680182 2.963191
1.480184 4.60557 2.888519
1.53704 5.010443 3.298362
1.481734 4.616789 2.899721
1.485756 4.645859 2.92879
1.486432 4.650735 2.933672
1.511332 4.829001 3.11331
1.460354 4.460944 2.744958
1.480626 4.608771 2.891714
1.473204 4.554889 2.838031
1.492584 4.695029 2.978098
1.49816 4.73503 3.018337
1.530485 4.964412 3.251213
1.508652 4.809944 3.094001
1.489834 4.675252 2.958244
1.486658 4.652363 2.935301
1.509624 4.816858 3.101004
1.505755 4.789307 3.073118
1.473851 4.559599 2.842715
1.480405 4.60717 2.890116
1.509381 4.815128 3.099251
1.51676 4.867518 3.152412
1.49816 4.73503 3.018337
1.47515 4.569044 2.852113
1.532307 4.977224 3.264323
1.495359 4.714955 2.998128
1.479743 4.602374 2.885329
1.514034 4.848192 3.13278
1.501934 4.762032 3.045564
1.457691 4.441361 2.725643
1.484633 4.637752 2.920677
1.46639 4.505178 2.788698
1.483291 4.628056 2.91098
1.520514 4.894094 3.179449
1.486658 4.652363 2.935301
1.526614 4.937155 3.223357
1.514034 4.848192 3.13278
1.49629 4.72163 3.004844
1.503123 4.770525 3.054139
1.510599 4.82379 3.108028
1.492354 4.693376 2.976436
1.536511 5.006732 3.294556
1.51676 4.867518 3.152412
1.548899 5.093338 3.38361
1.520011 4.890536 3.175826
1.498864 4.740072 3.023417
1.490748 4.681828 2.964842
1.510599 4.82379 3.108028
1.510599 4.82379 3.108028
1.526358 4.935347 3.221511
1.52127 4.89944 3.184894
1.504796 4.782462 3.066199
1.479743 4.602374 2.885329
1.507442 4.801326 3.085277
1.51676 4.867518 3.152412
1.510111 4.820322 3.104513
1.550273 5.102914 3.393486
1.509381 4.815128 3.099251
1.480626 4.608771 2.891714
1.504317 4.779046 3.062747
1.523804 4.917335 3.203132
1.514528 4.851696 3.136337
1.466811 4.508257 2.791748
1.540768 5.036554 3.325169
1.501223 4.756948 3.040434
1.514528 4.851696 3.136337
1.504317 4.779046 3.062747
1.481734 4.616789 2.899721
1.53704 5.010443 3.298362
1.545351 5.068591 3.358116
1.531265 4.969896 3.256822
1.502172 4.763728 3.047277
1.522281 4.906584 3.192172
1.528415 4.949842 3.236316
1.476237 4.576941 2.859976
1.485981 4.647483 2.930416
1.453041 4.407082 2.691905
1.51676 4.867518 3.152412
1.459327 4.453394 2.737508
1.460354 4.460944 2.744958
1.484633 4.637752 2.920677
1.51676 4.867518 3.152412
1.499099 4.741755 3.025113
1.510599 4.82379 3.108028
1.498629 4.73839 3.021723
1.551653 5.112522 3.4034
1.501697 4.760336 3.043853
1.469563 4.528361 2.811681
1.505755 4.789306 3.073118
1.506236 4.792735 3.076585
1.490519 4.680182 2.963191
1.484857 4.639371 2.922297
1.481069 4.611975 2.894913
1.513541 4.844693 3.129228
1.505755 4.789307 3.073118
1.470416 4.534579 2.817852
1.511821 4.83248 3.116838
1.475584 4.5722 2.855255
1.51676 4.867518 3.152412
1.526614 4.937155 3.223357
1.53704 5.010443 3.298362
1.481956 4.618396 2.901326
1.486658 4.652363 2.935301
1.512312 4.835964 3.120371
1.499099 4.741755 3.025113
1.51676 4.867518 3.152412
1.577177 5.289192 3.586681
1.483068 4.626444 2.909368
1.525078 4.926327 3.212304
1.525845 4.931736 3.217824
1.510599 4.82379 3.108028
1.490748 4.681828 2.964842
1.490519 4.680182 2.963191
1.485306 4.642613 2.925541
1.505755 4.789307 3.073118
1.480626 4.608771 2.891714
1.509867 4.81859 3.102758
1.497223 4.728321 3.011581
1.561185 5.178735 3.471873
1.516014 4.862234 3.147042
1.501223 4.756948 3.040434
1.514281 4.849943 3.134558
1.497457 4.729997 3.013268
1.498864 4.740072 3.023417
1.505275 4.785882 3.069656
1.484633 4.637752 2.920677
1.501697 4.760336 3.043853
1.542648 5.049702 3.338682
1.460354 4.460944 2.744958
1.495359 4.714955 2.998128
1.482178 4.620003 2.902932
1.498864 4.740072 3.023417
1.51676 4.867518 3.152412
1.477328 4.584863 2.867867
1.506236 4.792735 3.076585
1.485082 4.640992 2.923918
1.499099 4.741755 3.025113
1.501223 4.756948 3.040434
1.4745 4.564317 2.847409
1.495591 4.716622 2.999805
1.496523 4.723301 3.006527
1.492584 4.695029 2.978098
1.486206 4.649109 2.932043
1.493275 4.699997 2.983089
1.53704 5.010443 3.298362
1.483962 4.632899 2.915823
1.511576 4.83074 3.115073
1.509138 4.813399 3.0975
1.471914 4.545495 2.828694
1.566628 5.216415 3.510957
1.49629 4.72163 3.004844
1.508168 4.806494 3.090507
1.51676 4.867518 3.152412
1.489834 4.675252 2.958244
1.463459 4.483728 2.767469
1.482623 4.623222 2.906148
1.513541 4.844693 3.129228
1.49816 4.73503 3.018337
1.546167 5.074283 3.363976
1.5511 5.108675 3.399429
1.538367 5.019741 3.307902
1.52919 4.955297 3.241892
1.522028 4.904796 3.190351
1.51676 4.867518 3.152412
1.472343 4.548623 2.831802
1.507926 4.80477 3.088763
1.556947 5.149333 3.441435
1.551653 5.112522 3.4034
1.478423 4.592808 2.875787
1.501934 4.762032 3.045564
1.503362 4.772227 3.055858
1.490062 4.676894 2.959892
1.509381 4.815128 3.099251
1.559766 5.168901 3.461686
1.534928 4.99563 3.283175
1.473635 4.558028 2.841153
1.525334 4.928129 3.214143
1.50841 4.808218 3.092253
1.544809 5.064803 3.354217
1.505755 4.789307 3.073118
1.495824 4.71829 3.001484
1.48129 4.613579 2.896515
1.455053 4.421929 2.706506
1.51676 4.867518 3.152412
1.485082 4.640992 2.923918
1.51676 4.867518 3.152412
1.509624 4.816858 3.101004
1.505275 4.785882 3.069656
1.513541 4.844693 3.129228
1.482178 4.620003 2.902932
1.533615 4.986412 3.27373
1.49816 4.73503 3.018337
1.529448 4.957118 3.243753
1.483962 4.632899 2.915823
1.501697 4.760336 3.043853
1.490748 4.681828 2.964842
1.492584 4.695029 2.978098
1.51676 4.867518 3.152412
1.509138 4.813399 3.0975
1.493737 4.703314 2.986422
1.486658 4.652363 2.935301
1.516014 4.862234 3.147042
1.549448 5.097165 3.387556
1.486658 4.652363 2.935301
1.524568 4.922727 3.208631
1.485981 4.647483 2.930416
1.472343 4.548623 2.831802
1.502647 4.767125 3.050705
1.51676 4.867518 3.152412
1.473851 4.559599 2.842715
1.504317 4.779046 3.062747
1.521018 4.897657 3.183077
1.495359 4.714955 2.998128
1.541841 5.04406 3.332882
1.503362 4.772227 3.055858
1.486658 4.652363 2.935301
1.513541 4.844693 3.129228
1.510599 4.82379 3.108028
1.51676 4.867518 3.152412
1.459943 4.457921 2.741975
1.524313 4.920928 3.206797
1.527899 4.946211 3.232606
1.520766 4.895875 3.181262
1.506236 4.792735 3.076585
1.51676 4.867518 3.152412
1.492354 4.693376 2.976436
1.53704 5.010443 3.298362
1.513541 4.844693 3.129228
1.511821 4.83248 3.116838
1.513541 4.844693 3.129228
1.457487 4.439861 2.724165
1.496989 4.726647 3.009895
1.491206 4.685122 2.968149
1.533877 4.988253 3.275616
1.497223 4.728321 3.011581
1.486658 4.652363 2.935301
1.535192 4.997477 3.285068
1.508652 4.809944 3.094001
1.541304 5.040305 3.329022
1.530226 4.962587 3.249345
1.49816 4.73503 3.018337
1.513541 4.844693 3.129228
1.511576 4.83074 3.115073
1.505515 4.787594 3.071386
1.504317 4.779046 3.062747
1.531786 4.973558 3.26057
1.498629 4.73839 3.021723
1.484857 4.639371 2.922297
1.511821 4.83248 3.116838
1.511576 4.83074 3.115073
1.498629 4.73839 3.021723
1.53704 5.010443 3.298362
1.498864 4.740072 3.023417
1.506236 4.792735 3.076585
1.499099 4.741755 3.025113
1.484633 4.637752 2.920677
1.50146 4.758641 3.042143
1.459327 4.453394 2.737508
1.456064 4.429385 2.713846
1.51527 4.85696 3.141683
1.51676 4.867518 3.152412
1.499805 4.74681 3.030209
1.502409 4.765426 3.04899
1.508168 4.806494 3.090507
1.458712 4.448875 2.733051
1.527385 4.942585 3.228902
1.486658 4.652363 2.935301
1.49629 4.72163 3.004844
1.523296 4.913747 3.199473
1.541572 5.042182 3.330951
1.476673 4.580107 2.863129
1.497691 4.731673 3.014956
1.514775 4.853449 3.138118
1.502409 4.765426 3.04899
1.514034 4.848192 3.13278
1.483962 4.632899 2.915823
1.510599 4.82379 3.108028
1.479963 4.603972 2.886924
1.514528 4.851696 3.136337
1.501697 4.760336 3.043853
1.498629 4.73839 3.021723
1.513788 4.846442 3.131003
1.516511 4.865756 3.150621
1.523296 4.913747 3.199473
1.492354 4.693376 2.976436
1.481956 4.618396 2.901326
1.481069 4.611975 2.894913
1.471699 4.543933 2.827142
1.503839 4.775635 3.0593
1.512557 4.837708 3.12214
1.486658 4.652363 2.935301
1.485981 4.647483 2.930416
1.571278 5.248534 3.544339
1.486658 4.652363 2.935301
1.495359 4.714955 2.998128
1.511821 4.83248 3.116838
1.540768 5.036554 3.325169
1.515518 4.858717 3.143468
1.53757 5.014158 3.302174
1.515766 4.860475 3.145254
1.481069 4.611975 2.894913
1.503362 4.772227 3.055858
1.533615 4.986412 3.27373
1.49816 4.73503 3.018337
1.460354 4.460944 2.744958
1.549173 5.095251 3.385582
1.329262 3.4293 1.774302
1.485981 4.647483 2.930416
1.366116 3.737707 2.053514
1.520011 4.890536 3.175826
1.506718 4.796168 3.080058
1.533615 4.986412 3.27373
1.366116 3.737707 2.053514
1.481512 4.615184 2.898117
1.548624 5.091427 3.38164
1.549722 5.09908 3.389531
1.490977 4.683475 2.966495
1.49816 4.73503 3.018337
1.486432 4.650735 2.933672
1.486658 4.652363 2.935301
1.478423 4.592808 2.875787
1.501934 4.762032 3.045564
1.56318 5.192559 3.486203
1.380894 3.856223 2.163492
1.469776 4.529914 2.813222
1.489834 4.675252 2.958244
1.381334 3.859716 2.166754
1.397387 3.985825 2.285343
1.397387 3.985825 2.285343
1.381041 3.857387 2.164579
1.495824 4.71829 3.001484
1.456267 4.430879 2.715317
1.454851 4.42044 2.705041
1.546711 5.078083 3.367891
1.501223 4.756948 3.040434
1.482178 4.620003 2.902932
1.544267 5.06102 3.350324
1.507442 4.801326 3.085277
1.352638 3.627297 1.952364
1.479522 4.600777 2.883736
1.475802 4.57378 2.856827
1.483291 4.628056 2.91098
1.457894 4.442862 2.727122
1.515766 4.860475 3.145254
1.481734 4.616789 2.899721
1.507926 4.80477 3.088763
1.536775 5.008587 3.296459
1.471057 4.539252 2.822492
1.481069 4.611975 2.894913
1.478423 4.592808 2.875787
1.489834 4.675252 2.958244
1.538367 5.019741 3.307902
1.381041 3.857387 2.164579
1.458303 4.445867 2.730084
1.507684 4.803048 3.087019
1.540233 5.032809 3.321321
1.459121 4.451887 2.736021
1.309907 3.25703 1.62306
1.495824 4.71829 3.001484
1.459121 4.451887 2.736021
1.459121 4.451887 2.736021
1.495359 4.714955 2.998128
1.485981 4.647483 2.930416
1.485306 4.642613 2.925541
1.309907 3.25703 1.62306
1.481069 4.611975 2.894913
1.309907 3.25703 1.62306
1.458712 4.448875 2.733051
1.482623 4.623222 2.906148
1.498864 4.740072 3.023417
1.41562 4.1263 2.419196
1.51527 4.85696 3.141683
1.485306 4.642613 2.925541
1.51676 4.867518 3.152412
1.538899 5.023468 3.311729
1.480184 4.60557 2.888519
1.501223 4.756948 3.040434
1.473204 4.554889 2.838031
1.510599 4.82379 3.108028
1.41562 4.1263 2.419196
1.473204 4.554889 2.838031
1.504796 4.782462 3.066199
1.504317 4.779046 3.062747
1.484633 4.637752 2.920677
1.479963 4.603972 2.886924
1.506236 4.792735 3.076585
1.499805 4.74681 3.030209
1.526614 4.937155 3.223357
1.505035 4.784171 3.067927
1.51676 4.867518 3.152412
1.486658 4.652363 2.935301
1.51676 4.867518 3.152412
1.502647 4.767125 3.050705
1.486658 4.652363 2.935301
1.486658 4.652363 2.935301
1.464921 4.494431 2.778056
1.473204 4.554889 2.838031
1.486658 4.652363 2.935301
1.505996 4.79102 3.074851
1.486658 4.652363 2.935301
1.504317 4.779046 3.062747
1.471699 4.543933 2.827142
1.476673 4.580107 2.863129
1.527642 4.944398 3.230754
1.494663 4.709959 2.993104
1.481512 4.615184 2.898117
1.485981 4.647483 2.930416
1.527385 4.942585 3.228902
1.485082 4.640992 2.923918
1.486658 4.652363 2.935301
1.486658 4.652363 2.935301
1.495359 4.714955 2.998128
1.486658 4.652363 2.935301
1.499805 4.74681 3.030209
1.49957 4.745124 3.028509
1.492354 4.693376 2.976436
1.485531 4.644236 2.927165
1.503839 4.775635 3.0593
1.486658 4.652363 2.935301
1.507442 4.801326 3.085277
1.486658 4.652363 2.935301
1.486658 4.652363 2.935301
1.51676 4.867518 3.152412
1.489606 4.67361 2.956597
1.511576 4.83074 3.115073
1.527385 4.942585 3.228902
1.494895 4.711624 2.994777
1.521776 4.90301 3.18853
1.46534 4.497497 2.781091
1.504796 4.782462 3.066199
1.486658 4.652363 2.935301
1.514034 4.848192 3.13278
1.508168 4.806494 3.090507
1.51527 4.85696 3.141683
1.546984 5.079986 3.36985
1.486206 4.649109 2.932043
1.485306 4.642613 2.925541
1.4824 4.621612 2.904539
1.513541 4.844693 3.129228
1.559766 5.168901 3.461686
1.499334 4.743439 3.026811
1.527899 4.946211 3.232606
1.524058 4.919131 3.204964
1.460354 4.460944 2.744958
1.546711 5.078083 3.367891
1.467866 4.515971 2.799392
1.508652 4.809944 3.094001
1.509624 4.816858 3.101004
1.481069 4.611975 2.894913
1.455862 4.427892 2.712376
1.511821 4.83248 3.116838
1.509138 4.813399 3.0975
1.502172 4.763728 3.047277
1.535983 5.003027 3.290757
1.514281 4.849943 3.134558
1.464294 4.489838 2.773512
1.492354 4.693376 2.976436
1.469351 4.526809 2.810141
1.510599 4.82379 3.108028
1.467866 4.515971 2.799392
1.500277 4.750185 3.033612
1.469776 4.529914 2.813222
1.500041 4.748497 3.03191
1.528931 4.953477 3.240032
1.507926 4.80477 3.088763
1.486206 4.649109 2.932043
1.514034 4.848192 3.13278
1.512312 4.835964 3.120371
1.496756 4.724973 3.00821
1.507442 4.801326 3.085277
1.53414 4.990096 3.277504
1.509138 4.813399 3.0975
1.459532 4.454902 2.738996
1.602106 5.459922 3.765503
1.531265 4.969896 3.256822
1.511087 4.827263 3.111548
1.495359 4.714955 2.998128
1.505515 4.787594 3.071386
1.496989 4.726647 3.009895
