0.499848567135045
0.500541070776667
0.499425005023274
0.500282845513148
0.500381941892473
0.500460854660011
0.500321005428946
0.499894349460282
0.499921124212891
0.499802399994812
0.500307978602494
0.50052040280225
0.500252640754295
0.499815246932635
0.499011667154485
0.500289025569448
0.500829252079069
0.499969389744613
0.500647150849357
0.499768550938051
0.499710960303217
0.499472665387392
0.499000709849717
0.50046293063037
0.500948951531191
0.500469628133378
0.500105229291743
0.499618496608772
0.500592648177413
0.499121814666649
0.499501006036665
0.49950875948726
0.500048574263014
0.499469303662837
0.499934741054966
0.499669325435327
0.499885938273212
0.500176157116034
0.500316649429893
0.499959019382721
0.49956113405292
0.499816233084734
0.500044297175203
0.499728025873137
0.499356493817852
0.499703850786626
0.499734012250023
0.499354148909051
0.499874875109856
0.499837071561846
0.500098700412477
0.499657669722385
0.500075431493092
0.499871912561394
0.49977560230543
0.500004024740544
0.500107737103621
0.500120854626074
0.49999847990119
0.499914968814668
0.49970643530958
0.500081710034108
0.499993045554981
0.499955040719224
0.499775374196976
0.500678746888142
0.500162665395589
0.499849697690823
0.500080545640604
0.499106561912131
0.500069639713059
0.499309539686232
0.499668236195112
0.500042795984622
0.500630641444433
0.500693655511836
0.499840777917359
0.4999114712952
0.499730951176735
0.500104213301731
0.500108395703836
0.500687308522668
0.500575143442233
0.499294916786588
0.500588967699095
0.500021942782214
0.500580569146928
0.50042116015463
0.499637444889636
0.499984660815298
0.499587115735243
0.500128778631981
0.49949188666995
0.500117993744894
0.499799316288518
0.499369242991641
0.500250238866237
0.499794044303665
0.500181706978466
0.499828103810784
0.499873773088641
0.500349414026727
0.49976331671996
0.500148388690261
0.499156978456306
0.499782094791079
0.49996950510235
0.499993821122774
0.499150516554444
0.499174990708715
0.499655154792928
0.500038611680501
0.500630004953598
0.500775944267015
0.500228922958454
0.500226230353303
0.50027366063984
0.50024178922323
0.500275345805354
0.499552829937963
0.500090978563641
0.500034565312562
0.499083005458542
0.500663309756023
0.499761343593545
0.499920877959257
0.499437693241353
0.500882997173749
0.499670872622763
0.500131022640612
0.500137573361503
0.499865567989113
0.499883597223988
0.500312330848921
0.499764020951977
0.499816811819778
0.500499973045362
0.500144812018658
0.50084445291927
0.500118328902531
0.499454235489465
0.499194808976762
0.499607579264582
0.500341883988941
0.500258814462921
0.500283977264114
0.499696077134201
0.50035298453448
0.499822548330111
0.500772454224412
0.499088568113475
0.499889734103193
0.499143160152718
0.498937444936277
0.500481096106446
0.49942755986661
0.500374326377159
0.498795820392377
0.500299476711571
0.500410657307781
0.500866127832879
0.500193353736112
0.499641488691373
0.499877469450118
0.500464950714146
0.499304962815264
0.499939541052968
0.499113447788847
0.500497031836395
0.50047947521469
0.500181964045882
0.500490242917366
0.49947751796886
0.500115771315634
0.499758195333781
0.499851672954043
0.500117771100187
0.499752568835221
0.499654047850189
0.500261888889374
0.500712632560855
0.500119134970591
0.500419563418651
0.500150407542792
0.499917516588601
0.500228614563277
0.49983205871803
0.500020393385505
0.499883394732703
0.499379725734081
0.500168527238521
0.499588359766245
0.499020671215574
0.500421204194062
0.500453271209806
0.499440557041687
0.500126193678293
0.500041395853547
0.499319064066352
0.499842121587504
0.500338087049757
0.500625340492965
0.500843291425169
0.500096762965186
0.500400015447556
0.500188511030557
0.499204767868204
0.49976553012085
0.499747898539139
0.499614799716857
0.500216123262149
0.501011672418525
0.501173508404019
0.499760848485493
0.499947613636461
0.500689726805459
0.499954649413777
0.499698358293628
0.499293055490826
0.500123681968309
0.499729386593809
0.50110516445378
0.499075895701654
0.500169456936955
0.499814879813015
0.500270095038163
0.499816790257744
0.499739630307302
0.499554530675364
0.499762147977771
0.500394655942234
0.500202969275359
0.500736101678528
0.499768641922924
0.500562520340225
0.499893599667194
0.499055235714076
0.500006441293009
0.500778817654953
0.499473344370668
0.499573555346168
0.499907851586971
0.500846730023544
0.49959887851087
0.499518570992689
0.500283630029284
0.499636917606187
0.499303730068623
0.499133043413468
0.500147564399227
0.500412708560118
0.500401570669952
0.499622614526748
0.500142188939585
0.500589204178024
0.500481562314156
0.499977606914247
0.499345532098959
0.500134138610933
0.500360594380872
0.499736512279562
0.499824129718774
0.500397346716248
0.500169940289166
0.499593846998481
0.500326861219616
0.49971841554632
0.499493809086274
0.499918142658202
0.500495015110467
0.500944016559541
0.500017501272286
0.499685972329715
0.500337435911617
0.49965412619923
0.500114819241704
0.499074618942314
0.499689635068015
0.500319792005181
0.499486541430344
0.4996725775011
0.500587843327073
0.499538800537408
0.500664035946155
0.499860907827735
0.499476445110825
0.499559947145612
0.500302473232872
0.499960634013277
0.500071353024695
0.500570912969103
0.500015647806844
0.499783594454915
0.500382454795441
0.50019268408941
0.499908630620973
0.499787726468174
0.499934908630999
0.500435808315653
0.500997832936895
0.499952367080606
0.500050966441685
0.499762006715047
0.500472981028757
0.500101919254524
0.50040993021396
0.499798943371169
0.499879880244202
0.499765340810646
0.500225280690635
0.49999084499935
0.500252210005322
0.499588697196065
0.499742536238064
0.499375948461321
0.500313755224855
0.500356115693723
0.500101087732164
0.500875981534687
0.500838480775182
0.50004208201287
0.499828453324647
0.500031026405704
0.499971771618703
0.499435590207459
0.500559703026256
0.500580247594079
0.499825544985641
0.500279637544139
0.500236945128611
0.499371547816317
0.500225054180557
0.501145118319721
0.50000069868022
0.500053810265
0.499430738093711
0.499111709601589
0.50051210524528
0.500035579231293
0.499663516938576
0.499798345797349
0.500426992599414
0.500078990940058
0.500676897323954
0.500252398236994
0.499756216635749
0.500284346562906
0.500532350365945
0.499470990175993
0.500395825370806
0.500047138689999
0.500371678200987
0.499606543422893
0.500207077394851
0.49949804830144
0.500443910976846
0.500742181804713
0.499912927630347
0.499627070919718
0.49996035458905
0.500006931735726
0.50061519705836
0.499701586596398
0.499941586965368
0.500471713210877
0.499880063536205
0.499927966041642
0.499500369888371
0.500054161708609
0.499620127437442
0.500056140087905
0.499791416112381
0.500292096973603
0.500200859406631
0.500043794152766
0.499659944603032
0.499792056835797
0.50039961049832
0.499738642262097
0.499674432891779
0.499906761927045
0.500544628554859
0.500520135777886
0.499845792528648
0.499406910662009
0.500160098529954
0.500299651040422
0.500465170580277
0.501103085553834
0.498767499420986
0.500276374991631
0.499751447334925
0.499829655089711
0.499447903954548
0.49956464935209
0.500022530798795
0.500939004809922
0.499452164395251
0.499046489609949
0.499879514797585
0.499688864351603
0.499672691674285
0.500255268310348
0.499621088260304
0.499196450073357
0.500144346817639
0.499037368612379
0.49927266127326
0.500592809919529
0.499613051602017
0.4991168660596
0.499368807236039
0.500115559841476
0.498991687777833
0.499897824007804
0.500140284837153
0.500531871717072
0.500564840768096
0.500283668216977
0.499670812038453
0.500331438476585
0.500087012189691
0.499705943539445
0.50076013378661
0.500071348929804
0.499542711171062
0.500159488852818
0.499317828628211
0.500089016976701
0.499769399660856
0.499710067222791
0.499611401762108
0.499648276682387
0.500209195789288
0.500026878348966
0.500488742103108
0.499821515567838
0.499416171991714
0.499523940339378
0.499676802888435
0.49941273048007
0.500584518516032
0.499713996776108
0.499651947263023
0.500385446039048
0.499376366471951
0.499673139869004
0.500305809217944
0.500671404545212
0.498617996865089
0.499787595559199
0.50049399325523
0.500805404172898
0.500741611953154
0.500473394298408
0.499647605232109
0.500563683537169
0.499881563380217
0.499370531551895
0.500380731319309
0.500038742585234
0.500475155393262
0.500163561509177
0.500220965434592
0.499970402565979
0.499491260056166
0.500275595519203
0.500126328175159
0.500355708682868
0.500279624597741
0.500843558059613
0.499782856525851
0.499744666959007
0.500459827480139
0.499903656252394
0.499797323906453
0.499993457045952
0.500564999070374
0.500063332568264
0.499621928523806
0.5001437678856
0.50043502426906
0.499635121146984
0.499529904164769
0.501002932499554
0.499618847584258
0.499948275138877
0.50022058642933
0.50032677393223
0.499346433934254
0.499976837430388
0.499518954609763
0.500025589279033
0.499719486198457
0.500250030888676
0.500768931811891
0.500155851911492
0.499284415689965
0.499539856982076
0.499863935324239
0.500519709111278
0.499897623921897
0.500207616168069
0.499794730876406
0.500352570428732
0.499724377601953
0.500270494690007
0.499468265267505
0.500044586015399
0.499306568845685
0.500282873256915
0.500622325480596
0.500538186218196
0.499855159057153
0.499435222652305
0.500230294346584
0.499472172625682
0.499821540444507
0.500029847643874
0.499936952765857
0.499877581275002
0.50037044118281
0.499489638190899
0.500339280703769
0.499815336932791
0.499567364799789
0.500020636296963
0.499871569725769
0.500627447808099
0.49975929623205
0.499799913366297
0.499893934712741
0.499929028303042
0.500613562798636
0.499423930771168
0.500151096865294
0.499846578512832
0.499300142175344
0.500581008536588
0.500194605672354
0.499599116371827
0.50059287979261
0.50035563436682
0.500789501381761
0.500035268765601
0.499741771860164
0.499453045643427
0.500652722544813
0.500207582371104
0.499231472854795
0.499446339922111
0.49919997903144
0.500614224598272
0.500709663595107
0.500618772413697
0.499929153607337
0.499910565605779
0.500137881525163
0.500527491693516
0.500018694111877
0.50006467243876
0.500254441857326
0.50024480544561
0.500109904424652
0.500534038992465
0.499771026451064
0.500061188639094
0.500486854298199
0.500692001424664
0.499058814866838
0.499678723948029
0.500755625748292
0.500121870565296
0.499524153694837
0.499647425702814
0.500273638848685
0.501523472829572
0.499863542545754
0.499616654685853
0.500136144555691
0.500189470178849
0.499690345136062
0.500240623434117
0.500055227343804
0.500602904483663
0.500071783893
0.500146672339313
0.499093519217029
0.500327620339261
0.500210237715488
0.500103852036545
0.499489603492685
0.500848425090088
0.499849140515779
0.500109766762342
0.500220372735805
0.50009393356118
0.500168613094502
0.499291188124721
0.499578177889389
0.500046420317796
0.50033239282611
0.499809502010433
0.500271757809269
0.500446615777121
0.500349073801843
0.499794002324684
0.499593818945109
0.50045330018278
0.499387729486317
0.499563604552787
0.500384972025171
0.499870775768135
0.500006677343532
0.499680519637036
0.499600292275145
0.500079889587398
0.500706636723645
0.498886257732893
0.499195804020965
0.498402058751322
0.499868319395813
0.500829975462107
0.499730722696496
0.500483651970947
0.500020293539647
0.499471860142514
0.5005316750986
0.499532858288122
0.499017716557634
0.499196681983162
0.500186262912288
0.500159814895443
0.500041776269564
0.500246964288582
0.499937179532481
0.50010550685863
0.500103940140833
0.500142208934576
0.499893951512653
0.499212227178564
0.500156093351078
0.49937393642346
0.499434337035746
0.498966006967258
0.499572357601507
0.499768938545826
0.499791081657314
0.500152018327171
0.500874370930067
0.500218820727259
0.500384955509245
0.500521635512342
0.500359612927798
0.500304512671561
0.499556078204462
0.50009705090228
0.49952594749699
0.499721381500508
0.499272690234012
0.49960411743476
0.499532097239447
0.499547786839813
0.499477484978178
0.499598664039095
0.499244651096939
0.499579801318665
0.49979120268423
0.50006692377944
0.499661982590376
0.499543607449845
0.499159730967069
0.500057648317229
0.499530214803645
0.500158650234575
0.499668419633317
0.499323176821608
0.499480620728495
0.499266978900356
0.500498788431442
0.499772770572756
0.500105306074687
0.499929815220256
0.500431208058805
0.499407485109155
0.500071303530343
0.499056285656203
0.501589600840271
0.500186937107838
0.500189765303195
0.500240287049503
0.500201825565471
0.500582654615122
0.500286105397757
0.500675547463122
0.500572898924916
0.499900309120828
0.499755976601593
0.499879525858746
0.499155163408492
0.499861719419262
0.499400187278386
0.499871550880137
0.4999126615923
0.499620871307615
0.499922183657518
0.498558865264825
0.499963320437144
0.499564472723293
0.499037253695418
0.500070987259614
0.500048469618664
0.500796498248728
0.500790432664256
0.500098809205807
0.499717195509188
0.500191064037729
0.500132700018129
0.499564348284701
0.499571239067286
0.500171679388002
0.499826218127094
0.500410150004728
0.500597497108283
0.500355442497624
0.499854345152792
0.499737605872568
0.49990919067671
0.49964738627006
0.49956736810607
0.50091506331286
0.500755433238453
0.500096147473105
0.50015162417752
0.499295720932945
0.500007370052232
0.499714379396334
0.499800512361191
0.500317609552755
0.500229952371492
0.499606126710636
0.499799089654805
0.50104452602393
0.499838426023074
0.499982510316375
0.500194599159404
0.498823952519223
0.499971831237152
0.499410793762718
0.499541656909739
0.500800367587462
0.50043541070314
0.500089055171542
0.499958727463669
0.499887350721521
0.500400000243527
0.499025187079948
0.500100064941997
0.500515810240045
0.500111611246871
0.499859224935243
0.50085507224955
0.499746973028664
0.499672180591188
0.500590623225048
0.501311538039864
0.499659774321321
0.500157605139034
0.500070560857217
0.500008127269757
0.499505126994605
0.501068961330014
0.499935715115766
0.499803291139825
0.500775776669272
0.499614146114833
0.499752770476707
0.499408213960354
0.499647045909087
0.499761084197767
0.500688844901526
0.499400363814443
0.499658663098395
0.500091124579688
0.5003012532227
0.499821464371628
0.500105628619482
0.50014843264124
0.50028898002379
0.49992266467796
0.499826831203066
0.499842936501485
0.500541369913335
0.500571731832136
0.500417891274127
0.499499459374769
0.499713577049064
0.499692229527964
0.499579333628212
0.499906678277495
0.499811073457252
0.500143272936282
0.500054988631291
0.499777537827472
0.500908428868379
0.499637145023926
0.498750608617442
0.499260037624501
0.499166309600283
0.50023106698301
0.49941992551554
0.49933912763173
0.499577425491717
0.499658526399386
0.500141258168461
0.499025312884548
0.499781569436409
0.499298757300382
0.499377670211082
0.500212463276947
0.500209342641165
0.500444091256974
0.500097149565453
0.498889817576069
0.498850235854259
0.499741234776313
0.499691134470297
0.499554270124603
0.499604876278957
0.499516134012541
0.499743325666841
0.499879502649265
0.501011413651339
0.500395808649828
0.500076839512277
0.500719144708224
0.499701853282046
0.499347521605609
0.499693812079973
0.500992056954616
0.500125482126424
0.500414001511681
0.499700250999103
0.500178558060435
0.500027767557197
0.500179159719271
0.499642141304615
0.499972690696218
0.500222818269489
0.499757069446779
0.500520774670507
0.499657965418952
0.500159031109753
0.500066743361152
0.500875054046081
0.500315305900199
0.499453754654224
0.499622256291368
0.500600389676256
0.500294410344636
0.499856857666824
0.500024021636952
0.499789326400119
0.500577157155082
0.500266496075652
0.501019730707865
0.499509782308888
0.500372208103145
0.500728690962617
0.499191158355251
0.499936122203083
0.500358891572323
0.500663215520163
0.500773097438189
0.498837370270695
0.49986742657076
0.499428759546322
0.500712943593586
0.500396506300239
0.499249036585459
0.500444627245319
0.500123058118377
0.499920637966919
0.500108944991914
0.499976691389603
0.499650328958599
0.500738703803958
0.499612725487929
0.500180173503424
0.500156826583029
0.500336042371082
0.499106823045425
0.500142483661767
0.499804389280333
0.499571740652127
0.500913046429051
0.499271603896621
0.500297615377646
0.500568160553655
0.500189006360178
0.50022409325614
0.500283694143707
0.500217154240875
0.499142235194854
0.500490355828125
0.499865493371658
0.499541176422315
0.499397409357533
0.500644172622712
0.500090516335034
0.500282480025319
0.500062216200845
0.501008522498148
0.501133082816759
0.499863448418562
0.499777489135327
0.499711674593933
0.50033727452942
0.499637113083517
0.499884945203899
0.500059962919426
0.500663549785986
0.501058784298195
0.500443728451362
0.500244192284482
0.50018157411838
0.499604884512929
0.500027052719841
0.50060317984293
0.499394069970169
0.498973682685411
0.500696737595238
0.500347960768394
0.499709077660206
0.49983472351138
0.500630973420996
0.499498998341086
0.499312414922189
0.499923917839981
0.50071120906745
0.500628458088342
0.500252222617083
0.500118470141551
0.500674368797905
0.499988847820871
0.500608933854997
0.499634670550668
0.500075089775591
0.499323463584477
0.500367273866277
0.500599022811555
0.500667780512501
0.499805645397331
0.500460063664252
0.499686787670889
0.500185068560018
0.499724776830754
0.500605973700913
0.500361045368183
0.499866387170278
0.49965640166637
0.499798137696188
0.499966613515068
0.499790308242708
0.499842128894518
0.50030588648881
0.500013471666251
0.498883134844627
0.500347698043475
0.50010468392202
0.499319981721672
0.500053571878732
0.49934249849309
0.499865485183601
0.500143008789833
0.500133271569285
0.500260635820185
0.500112445599104
0.500845328564568
0.499830297566689
0.499922619493887
0.500115210361896
0.499817125539314
0.500630252392682
0.499223856109122
0.499285826635265
0.50047752803194
0.500518147777613
0.500123701157378
0.500290441469103
0.500427820224221
0.499963953330631
0.500644340925959
0.500264760043941
0.49986820064744
0.499809260241348
0.500265069238891
0.499561164983656
0.500485597167161
0.500418934378057
0.501299097444807
0.500349143811756
0.500384816215367
0.500798554847085
0.500441716132031
0.50015214661197
0.500240557941626
0.501600574072433
0.500278775185452
0.499674380105846
0.50101242196451
0.499513573338075
0.499874512421231
0.500443307785
0.499862594274734
0.498602436121704
0.500551803130239
0.500061858848237
0.499002288628606
0.499857762359919
0.500898033393988
0.500422524454734
0.499023378023179
0.500667778928055
0.499772814506326
0.500124308106622
0.499286375706024
0.499747468732372
0.500118582837379
0.49888009133574
0.500594704486494
0.499425524817441
0.50006146621103
0.500831928935028
0.499764498594862
0.500230534355503
0.500010588130166
0.49999856199436
0.499974230432068
0.499558269440722
0.500192248966265
0.500690370551578
0.499509094067865
0.50010622852194
0.499286245727057
0.499777296827399
0.500083597014792
0.499257775280812
0.500135312587051
0.499434660134842
0.499850323370871
0.499538631028811
0.499787111049635
0.500492123675394
0.499948834337471
0.499251999053568
0.500437330067315
0.500176315504718
0.499608501354393
0.49966975984821
0.50025862157781
0.500635229003629
0.499679093244859
0.499797053257303
0.499994322138444
0.50029384119239
0.499699223719252
0.500393275234657
0.499988668842483
0.500528830122752
0.499876104947434
0.499454225766608
0.500535121156123
0.500449649577532
0.500620341432111
0.500687698186905
0.500298121799043
0.499724179124698
0.500035117444687
0.500394213612439
0.499612884142034
0.500746840160722
0.499294182289933
0.499807208515721
0.499596603278691
0.500209678894252
0.499336125167344
0.500636056943078
0.499592562432386
0.499853743028739
0.500163738226469
0.499284406202273
0.499263545809743
0.499193287823043
0.499404702329397
0.499895592157554
0.499654947206539
0.500357274831847
0.499894266104666
0.499522274439501
0.500208168798501
0.500062895190135
0.500089680338432
0.500417553818322
0.499457860316771
0.499406096342184
0.499478938700501
0.500116925376373
0.499638006416717
0.499988832878433
0.49903284304466
0.499876007481119
0.499393548306323
0.500391630581592
0.49957083672094
0.499287583525606
0.500004148609322
0.50003163084491
0.500603765438802
0.500559604609045
0.499943629287632
0.500554108656357
0.499604124150198
0.499987898432595
0.499993133048956
0.499587613498
0.49903505307205
0.50089126385201
0.49984336957347
0.499770698163934
0.500435045691768
0.499756899635107
0.500072540263378
0.500901629422793
0.500928097215158
0.500944917654677
0.49916871690017
0.500741215742015
0.499926112105505
0.500340918658435
0.500398247070877
0.500382772098368
0.499964935544499
0.500170560882418
0.500548362771835
0.500092262690846
0.501108744592551
0.500395669698047
0.498736781689458
0.499718712309164
0.499986233257021
0.499528015942099
0.499806122179733
0.500165798399924
0.50084244816863
0.499542290958976
0.499825424653246
0.499968626181196
0.499738921721166
0.499675881072609
0.499365285987825
0.500455574440439
0.500279211414443
0.499332501257222
0.499609625604678
0.499628553559026
0.500060848371659
0.500198651274193
0.500444581373742
0.499976424248648
0.50022645610628
0.500624254661013
0.500842602009402
0.500317548599259
0.500303213088244
0.500237784359206
0.500305413724818
0.500028025796759
0.499080607182338
0.499784300276503
0.49999194306989
0.500069979191825
0.500068461772314
0.499566082625409
0.500373225810682
0.500054308433482
0.501324937835515
0.499211097064194
0.500020749839953
0.499486296425148
0.500724829300943
0.499669122794777
0.50033171650536
0.500223437592521
0.499680180714665
0.500277281212411
0.498949020658446
0.50084105291663
0.499940665786648
0.499356540697701
0.500379282656677
0.499693999409041
0.49953409214202
0.500138554409153
0.499834770609171
0.499800755165955
0.500190423832079
0.500233470847376
0.500701189714453
0.499831762110099
0.50015904053745
0.499605035956353
0.500111169481476
0.500024858417737
0.50026686670454
0.499865112305948
0.500434800730801
0.49902505316965
0.500277474171679
0.499548721700116
0.499433091094932
0.499499063003367
0.500581351767332
0.499570076802122
0.499343513881821
0.499744222628107
0.498740231063674
0.500070218952274
0.499417659411405
0.49976900131804
0.500048146482614
0.499311899308625
0.499637947225866
0.499578758188458
0.500146227750162
0.500840612259721
0.500291344340695
0.499467678025807
0.499845789290824
0.499741392235053
0.500232350616148
0.500584547194171
0.500572291288093
0.499593805135246
0.500141676600092
0.499824807427743
0.500361259611421
0.499392642200915
0.499559503921149
0.500247919089689
0.49940624718271
0.49981216691792
0.500091274573542
0.499810124554119
0.500066100286273
0.500112199909259
0.500124421001234
0.500098311821188
0.500226391798318
0.499427743562036
0.500036882330743
0.500386130943115
0.500904379274631
0.49988674015473
0.500345828752004
0.500819143156488
0.500988356940143
0.499923453576425
0.499233705545879
0.500052982459565
0.499860075257644
0.500575162502471
0.499662768895408
0.499740978383332
0.500165656024631
0.499275459502062
0.500795758758408
0.500311337787048
0.500006331863224
0.50000691403953
0.500233785854539
0.500153678717597
0.499276107956963
0.500752853420629
0.500146389502438
0.500517283993239
0.50085339437794
0.500025123189694
0.49937525155714
0.499909463643205
0.499164633261158
0.499325643570674
0.50104567893281
0.499445007040664
0.500600897395726
0.499813606993275
0.500481215673714
0.500389295137471
0.500468780736811
0.50041278365096
0.499318706237363
0.500667612412207
0.500635988278485
0.500311106093863
0.500255788907045
0.500330198601105
0.50115341776776
0.499598963345951
0.500561254052642
0.499828234083192
0.499920231032593
0.500082030366856
0.50037406784533
0.499189249305011
0.498906257665819
0.501280380702646
0.501407248094594
0.499536896796747
0.499024013221569
0.499549162991073
0.499967049289737
0.499156823109013
0.499604480895302
0.50045974588787
0.499916137243943
0.500047454465869
0.500129771332708
0.500230840089045
0.499875063626848
0.500553356793952
0.499823707996689
0.500793378964132
0.499538974019966
0.500554613587445
0.501250815915717
0.499560380074623
0.498620337108172
0.499834392986351
0.499306197937843
0.500961337142648
0.499298590631995
0.500093090060803
0.500172042004565
0.500350650875554
0.500151163877493
0.49918548785027
0.500096061380258
0.499858392927049
0.49986211213938
0.499732533544834
0.499568640218349
0.500007954360588
0.499170248390911
0.499735479211061
0.500683582964924
0.49959127400876
0.499762820130718
0.499296157799044
0.499856775090651
0.499563817057108
0.500421592593862
0.500221896544887
0.5002774781108
0.500732020422738
0.4995651225887
0.499684388060265
0.499864143792048
0.499502648303082
0.499103877778686
0.499687707000681
0.499638043943057
0.4993194075892
0.500366845638626
0.499020679203488
0.499834130974299
0.499685209500833
0.498822513143673
0.500096891626815
0.499907688179194
0.499705780187376
0.500769087705456
0.500101597761076
0.499753770401241
0.50058302979003
0.49969994138716
0.499742623969352
0.499265107816251
0.500224296401566
0.500141747977367
0.500433784238361
0.499991165946898
0.499776740802464
0.499387320364967
0.499901319448837
0.499631286346658
0.500232949508224
0.499999042570776
0.499979643557763
0.49996939032825
0.50028732565923
0.500457022723206
0.499634410194586
0.500311756796117
0.499308133032853
0.499391377063316
0.499444118944746
0.49967574530121
0.49965616638049
0.500532408583597
0.499999791509464
0.500430697958248
0.500748486468983
0.499729483800246
0.500312030959248
0.499392084519236
0.500011807081231
0.500320281365935
0.499363701739111
0.499221513174374
0.500323969956196
0.499481472663727
0.500666547286845
0.499568648193301
0.500605735799501
0.498798957907674
0.500420773595727
0.500089563550456
0.499847897818253
0.499827135477684
0.499995742556592
0.500315659782133
0.500163147223693
0.499640189092557
0.499654360102316
0.500088533512709
0.50000214295593
0.500722534451405
0.500114258142331
0.500216511233505
0.49918183302972
0.499513075905243
0.500086908447922
0.499646659954498
0.499690786806627
0.50040396863105
0.500170847243827
0.500729119889069
0.499822182022845
0.500565584673515
0.499444705829166
0.500268256764227
0.499732085677646
0.500257839390046
0.499559010494791
0.500041346456711
0.500594138607072
0.500116406459002
0.500424220557353
0.500618843345303
0.499596739730308
0.49966565879867
0.500278588269657
0.500350279426514
0.499927209202197
0.500107534002084
0.500671393943903
0.50002756762203
0.499166000135408
0.499314497397384
0.49962512377791
0.499958766978867
0.500396257514557
0.500634097956784
0.50030118820477
0.500010962418385
0.500021152072026
0.499939288857485
0.500710644844601
0.499620355645765
0.499176039701156
0.499906069743272
0.499969770197554
0.499873076204701
0.49946141926148
0.499277897535933
0.500196778440404
0.500732243679694
0.499499878116593
0.500128298385136
0.499937667982779
0.499090973682466
0.498547932510837
0.501240312170161
0.500337432249001
0.500362857787701
0.500347721231812
0.500221245175505
0.500009657457877
0.500589227017031
0.499631808823343
0.500039445740456
0.500450477256856
0.5001512997943
0.499571931238154
0.499978071931462
0.500003769178949
0.500471774618035
0.500293593365533
0.499947664591875
0.50048604487078
0.500148470277813
0.500320983663448
0.499506316397449
0.500680343766738
0.500676595423276
0.500000809022704
0.49940152767796
0.500147587789285
0.499244059109565
0.498933590638746
0.499474725342809
0.499955521613166
0.500901726059701
0.500126683786959
0.499369942737018
0.499889382099203
0.499117763670464
0.499790617470141
0.500208514693504
0.500629266105456
0.500473208127939
0.499193918759873
0.500792256413744
0.499892173230627
0.500183346679916
0.500077134652712
0.500084707877073
0.500067502105551
0.499315057308854
0.501232893083641
0.500024378384905
0.499846161927281
0.499865495690177
0.500190243995068
0.499539743946706
0.500094266148096
0.499468596917332
0.499457693182049
0.500323311098182
0.499971389630767
0.499805356135884
0.500325333612839
0.49958500836939
0.500130264798729
0.500075354671332
0.499646919317326
0.49983830272894
0.499556544509488
0.499805766456647
0.500075639974393
0.500180704884448
0.499724257606592
0.499959601061337
0.499944312821838
0.500186753073933
0.50005415590549
0.500508843801215
0.500573055371125
0.500146572984418
0.50040022622646
0.500516078542275
0.500074979225915
0.500282029594347
0.500407547158294
0.50033997823771
0.499646565638125
0.500583182410537
0.499589437404495
0.499693810103904
0.500522817893872
0.499620169282337
0.500380694237553
0.499697455902926
0.500315563833618
0.500421409222993
0.500764987547758
0.500661833868444
0.500666532362898
0.499491702547672
0.498950102755629
0.499243989942114
0.499615280594953
0.499905598941965
0.500113139086144
0.501045399796316
0.499747397290192
0.500460791082792
0.499627779568977
0.49995776065437
0.49958139603722
0.50009524929469
0.499791702322936
0.499376371010865
0.500098619385065
0.499917439484678
0.499787064450694
0.500398411719932
0.500530220924013
0.500759223504987
0.500634222053298
0.49938102163962
0.500529740648002
0.500119737883547
0.499466872303959
0.49957739630202
0.500285036736093
0.500236223078125
0.499958174166986
0.499890115228503
0.501030033640608
0.500044520785385
0.500637945599
0.500053730390123
0.499839405355136
0.499725273079331
0.500364200278619
0.500308048394506
0.499326023483729
0.499594299138005
0.500303969343925
0.499357315269083
0.500412059385127
0.500871788909741
0.499373358769146
0.499803721606179
0.499060870741418
0.500337679032655
0.500357237687125
0.500070895680944
0.499454627468412
0.50051855789894
0.500514550856789
0.499698106413502
0.49918856506865
0.499350795805346
0.500084496655106
0.500053642326273
0.500863401424555
0.500313056385161
0.500196070180974
0.500215548381876
0.499551638274029
0.499323352918141
0.499335071443438
0.499887166525717
0.499718577189913
0.499827097830371
0.499530098141251
0.500458165534757
0.499012920534415
0.49960145976298
0.499875768592896
0.499787921056421
0.499695839379995
0.499675321793707
0.499802390134189
0.500528084324297
0.500057955933373
0.500229786323706
0.50003009552793
0.500106401290728
0.499893035444452
0.500146105208223
0.500988462691315
0.499185866641865
0.500412984426546
0.499860011593291
0.499663032073288
0.499166803563939
0.499684848172589
0.499531589842702
0.500219271766961
0.499503270502807
0.500006474398573
0.500709647825886
0.499386917335388
0.499910890707058
0.498865692732891
0.500614267510579
0.500100449582593
0.498838351410818
0.499326711676844
0.50055138322843
0.499845652808767
0.499249582430347
0.500979423759301
0.49948312345849
0.499626301289668
0.499462573029908
0.49949112525618
0.499899718723926
0.500362901035281
0.499983447487406
0.499628733940416
0.499313255045349
0.499716848497984
0.500101355636335
0.500157887039496
0.499240946415912
0.499295601860584
0.499280849270977
0.50064411478828
0.500605691952581
0.500534313995979
0.50051052200541
0.499925108559706
0.49927718974187
0.500616801334216
0.499361408930028
0.500114048255398
0.499872485596712
0.500254767079262
0.499723533739926
0.499963784583455
0.499921717559483
0.500588785248708
0.499966116057623
0.499416743974787
0.500296701833573
0.499769392769557
0.500387592013808
0.500498694638532
0.499866545603633
0.500190633050987
0.5000387724092
0.50012241528749
0.500297133339895
0.500912273413942
0.500625428979135
0.499514800457707
0.500879342608757
0.499351226523144
0.499929778991624
0.500305677026307
0.499741917621267
0.500118844004891
0.499424972914645
0.50108902466942
0.499906091143604
0.5000831692047
0.499540952573502
0.500503255844972
0.499722736752361
0.500073293850068
0.499589819604089
0.49969587528344
0.499776335083416
0.49985156259688
0.50040537959682
0.5002158677427
0.500423824423418
0.499998624268996
0.498959059854722
0.499615824572382
0.500309741282676
0.499634834709013
0.499869083501274
0.498881548566662
0.500166755440981
0.500521376509171
0.499996240915284
0.498944284956996
0.4992282627301
0.500001025916775
0.500549648911897
0.500024641054049
0.501014536855644
0.499942596024406
0.499564908354588
0.50025092722402
0.500981097864382
0.499817941724697
0.500496674350402
0.500150536706768
0.500495224859445
0.500697595548104
0.499058412963441
0.499918845286581
0.49964224990708
0.499590222359061
0.500279607666485
0.499790207028496
0.501049018904005
0.500012419870896
0.499745042280221
0.500526068556855
0.500277516492723
0.499117217992137
0.499637563959102
0.499907245456822
0.500394152088658
0.499727062295515
0.500135739254523
0.499128139399571
0.499703273207385
0.499759232822091
0.499841148481546
0.500701849423094
0.500854012071427
0.500025316213889
0.499822899279599
0.499520775426863
0.500760260820881
0.499517558207407
0.499936101695492
0.499970391815634
0.499986324601844
0.499492238374275
0.499933872094377
0.500183604283158
0.500456793207755
0.500805110612821
0.498856716727392
0.500223826059842
0.499418526886662
0.499404531150812
0.500265956971492
0.500282891252326
0.500210750567053
0.500587730299389
0.499875973462036
0.499796762461385
0.500363908983049
0.500592238823438
0.500547149273863
0.499580639193039
0.50053398297718
0.500120058411288
0.499988123783687
0.500147864378691
0.499546850401715
0.499604290701576
0.500766343741868
0.50016228320481
0.500374240462809
0.500065283536247
0.499798707048355
0.500075521939952
0.500657188709119
0.499726376487931
0.500203447997266
0.500162300211375
0.498696028117939
0.501030823397063
0.500445656683665
0.499493708050808
0.500467325418444
0.500448860568106
0.500051717713712
0.4998471979344
0.499742456056785
0.500152018704156
0.500030865429415
0.500164289206337
0.500657673384608
0.500005243833837
0.499811190782556
0.499746389588711
0.499505776425463
0.499098711017916
0.500037710229545
0.499712968882414
0.500059383365539
0.499980445129691
0.500081822636928
0.499453794655047
0.499297583102806
0.499694369718466
0.499778491432084
0.499934125534551
0.500901091281886
0.499737042277195
0.49970174511945
0.500656279338828
0.50035894898545
0.499816664499504
0.499597088514333
0.499924909915674
0.499921957487944
0.499170251502786
0.499831729733547
0.499468359018349
0.500069321827659
0.498515138976855
0.500512289230009
0.50048111469183
0.499441118771662
0.500226314807769
0.50000934428925
0.500025457940228
0.499726795238978
0.499514084232792
0.500402399794467
0.499527666087383
0.500329754605226
0.499669851484851
0.49973781062589
0.499947806212362
0.50007738560303
0.500617786045883
0.498992668065166
0.499867083623557
0.500036494356296
0.49914578983213
0.500375444715719
0.500372808816981
0.50035104551786
0.500644346392324
0.499752055798332
0.499945230296885
0.500405344782457
0.500199165605846
0.500347048865699
0.499897050995314
0.499988981307544
0.500083456559339
0.500224929113317
0.499602327440698
0.500040747866757
0.499956217964563
0.499848980506895
0.499913185506946
0.49971579614488
0.500013323600332
0.499537872208395
0.500014756648516
0.499770579018966
0.499935861701575
0.499778416579728
0.499351458607265
0.499923994763474
0.5005108767852
0.500184248006797
0.499305545985536
0.500927438054406
0.499783156141164
0.499830206492091
0.499615082343118
0.500337988901867
0.500548561059541
0.500566480760293
0.499870923955171
0.501188126885004
0.501015806901995
0.500146215323443
0.500118345121586
0.500462027549371
0.499647232727347
0.500211678817893
0.500334319685285
0.500310667403945
0.500242245383329
0.499783572902516
0.499881574440347
0.500328950129096
0.499035405266523
0.499526084089852
0.500597967288388
0.500400799236789
0.499817241589854
0.499760498657041
0.500761856754357
0.499898773049994
0.49990689918671
0.499763291401269
0.500010356828477
0.500000582052136
0.499748451759984
0.500138165083614
0.500109076108774
0.500397104446896
0.500057351605107
0.500494458671004
0.50027343793272
0.499842109601875
0.500201041743123
0.500422658760171
0.500048609752997
0.50046217572896
0.49986319915179
0.499360493037055
0.499410993311395
0.500394877749722
0.499707549546085
0.501211757226351
0.500881078117549
0.500221112847679
0.500120003688759
0.499353331008396
0.499766250639273
0.500319298546894
0.499482450920691
0.500612191045198
0.499636485354597
0.499653763122165
0.49931258207719
0.499641119377311
0.49972655755884
0.499663192715111
0.499319454145435
0.500228232919427
0.500275400333491
0.498945534551728
0.500202734018479
0.500286487936888
0.499722610570076
0.500654394220742
0.500228655776663
0.500059594637984
0.499492559586611
0.500458944474281
0.49982166986475
0.50096404418292
0.499841708825362
0.500051389878045
0.499744920828037
0.500343164526358
0.499343842058304
0.499980120258514
0.49996981577423
0.500308255742411
0.500117727562687
0.500046253881388
0.499832588280371
0.500135295290846
0.500403077077481
0.499627072077522
0.500160511878918
0.499408522626452
0.49946393702612
0.500801483022927
0.499524756601271
0.500061401877791
0.499541017534167
0.49985727021252
0.499253113551381
0.499809489708755
0.500153858359624
0.500411252741268
0.500389518632273
0.500615060571829
0.500431089296722
0.500126314243312
0.500083146916186
0.500580781475986
0.500649444179695
0.500463285599943
0.500451905443657
0.499916595759467
0.499583917117257
0.499702832866162
0.499553648033588
0.499224339112579
0.500359504685733
0.499085493305942
0.49999734050832
0.499386519704806
0.500868469791887
0.49969670149476
0.500126173690696
0.499287823227687
0.500416780451231
0.500497934104289
0.499771946607317
0.499831930310827
0.499943255092307
0.499475655121878
0.500179414073762
0.498945428205841
0.500153821863202
0.499923067559916
0.500956379470939
0.499485186947334
0.500049190809869
0.49988908231478
0.498405554470337
0.499797551341873
0.499849557651515
0.500383478786858
0.4992906902989
0.499505503046094
0.500796472819317
0.499677851100375
0.500265511755632
0.500514014550067
0.499809120443049
0.500480257582986
0.500302550464703
0.500018785455843
0.499596804576525
0.500588349659976
0.500016748729261
0.500514442224944
0.499568665061878
0.49947606398022
0.500168608264738
0.500826622148291
0.499987742631768
0.500559846082365
0.499913214760778
0.500003312807184
0.499932316321956
0.500117203275206
0.500215898965521
0.4999004653132
0.499301026665194
0.500242359952563
0.499820566542262
0.498861778832212
0.499723561632268
0.50026658963354
0.499125460531802
0.499847956848294
0.499312545669436
0.500742251879513
0.499738612404416
0.499808059176791
0.500312412442585
0.499583299274039
0.500490886542237
0.499524109648536
0.49967622347051
0.500403668322922
0.499717733088088
0.500772575480414
0.499682192607089
0.501083583798353
0.499127234554201
0.500485368414236
0.500366294122863
0.501200648815719
0.499832318979906
0.499511683576391
0.500259146441065
0.500879260738564
0.499876188886739
0.500222289577569
0.499469552116598
0.499502058926395
0.499851127913325
0.500122795311719
0.500995543151103
0.501009110128075
0.500666801020196
0.500694864462698
0.49913923774067
0.499697697699561
0.499950994156255
0.499628770011764
0.498881437559923
0.498981709920467
0.499768295511161
0.500214972311002
0.500396706116539
0.499714892982818
0.499702511547341
0.500159652867457
0.501410893365545
0.499957069273915
0.499399876525247
0.499173535597185
0.498586355289645
0.500182833376055
0.499349282034263
0.499992616449589
0.50009097322983
0.499845424254117
0.500128943919592
0.500303948852491
0.500899443207041
0.500015417544965
0.499732004650809
0.500246511753011
0.50076756905514
0.500547852941779
0.499751789576744
0.500457843430244
0.499354502533129
0.499866906444037
0.500423740149661
0.499817490669533
0.500238462719409
0.50018255021741
0.500671320193192
0.500210232885708
0.500530962551911
0.499150840641135
0.49971068289062
0.50091170162766
0.49968918818877
0.499843085559298
0.499089977912186
0.500120035918927
0.500556711645095
0.499418517909178
0.499141006034405
0.499636312774972
0.500568862599937
0.500055375991625
0.500208852920716
0.499821159139748
0.500097033728321
0.499800580936675
0.499616324103001
0.500015110939336
0.499712466891581
0.49902986527302
0.499575786487201
0.499366355824348
0.499479966196562
0.499576491491368
0.500768628208815
0.5002678777911
0.499612039525379
