0.50012963188147
0.501127365540817
0.500290799923918
0.49990481767716
0.500382711213938
0.500208093242121
0.499353030143659
0.49961582130521
0.499841626087544
0.499626081274557
0.499619130953547
0.499192602340157
0.49917390090713
0.499891315454205
0.500336782256256
0.500315046010094
0.499216208120374
0.500079280456838
0.500712493261032
0.4993008423686
0.500384675495597
0.499687200658281
0.499508587000767
0.499713447807849
0.500649485113877
0.499666465674309
0.499948642165195
0.499770674562068
0.499955967489408
0.499802664994912
0.500014973127383
0.499005922754222
0.500061516540838
0.500220985931963
0.500935532731527
0.499906354985772
0.500169090951214
0.500160059031582
0.499745541759149
0.499294386768712
0.500251107657395
0.499485628944225
0.500467331039515
0.500213521618719
0.500145167485491
0.499697522199423
0.499128427264911
0.49983644252415
0.499761480419395
0.500649715349465
0.500228257977033
0.500368136194624
0.500651648653892
0.500387937310466
0.499802592808332
0.499303500021659
0.500331667683662
0.500091244060862
0.500140320196407
0.500353069460737
0.500159684234855
0.49879613162044
0.500769339253907
0.49971679106866
0.499788449823998
0.500445786151211
0.500005727838526
0.499572870170748
0.501403123544157
0.499711979901527
0.499455992527797
0.500065000554666
0.499087862309817
0.500898743506637
0.499827781244312
0.501072493823032
0.500960313761314
0.500186260036855
0.500110642571665
0.499984421216963
0.500248484727819
0.499544692341501
0.499880019173259
0.49953395341864
0.499445802865858
0.50034544056572
0.500045051674254
0.499804861314017
0.500346702267796
0.500416124131563
0.499729662370707
0.500179337255955
0.4994965382602
0.500039551543439
0.500232021749017
0.500125444728094
0.499519389136535
0.501219417618405
0.50069983386337
0.50038170883491
0.500505521294224
0.500463416940709
0.499793435128642
0.499879352072062
0.499575958556329
0.501045025712086
0.499349302017278
0.500219854173435
0.500214129769988
0.499743355795117
0.499502228141202
0.500707404989705
0.499852232099497
0.500303658701383
0.499658002527688
0.500486939553781
0.499942402773405
0.500968186383725
0.50027296439938
0.499256039743873
0.499565584057909
0.500531127463852
0.500624217422376
0.499017543518912
0.500201826616876
0.5000303643112
0.499890266835177
0.499875901701652
0.499447257519985
0.499855183419111
0.498968299702464
0.500199673839259
0.499673695820263
0.499500643493238
0.500232995370486
0.500059028329437
0.500386401647199
0.499728331770558
0.500098946498303
0.500308736205444
0.499865651538149
0.500529079537861
0.500125476835613
0.49983945625005
0.500965824517762
0.500372859300787
0.499636069517818
0.499756711911617
0.500133646817946
0.499789211219756
0.501299746024518
0.499345252861607
0.50014222771301
0.499764086264916
0.499494666284554
0.500883856019336
0.500162072908347
0.499855204264721
0.499721650631982
0.500040121532305
0.499255902605042
0.500995501174969
0.499463789657351
0.500077953889531
0.50043288804178
0.499910774766681
0.499727055640744
0.500037939408061
0.500092767662583
0.499806046647033
0.500715731150222
0.500194172118046
0.499866468678745
0.499843862411899
0.499770231042592
0.500154130438207
0.499632003855306
0.499518854728735
0.499731610603793
0.499631458224004
0.500042216733692
0.499656446214708
0.49986371814408
0.500168820849407
0.498868330431817
0.499843844879425
0.500561447412667
0.499093298525215
0.499345391215523
0.500583080138451
0.49955239892562
0.499803802292765
0.500451345338905
0.499294738061974
0.499935250987952
0.499914208033137
0.499741020581069
0.499857368285608
0.499996098523117
0.499902739611534
0.498410381641146
0.500973281691336
0.499812208612118
0.50026496454758
0.499059447467033
0.500043766485827
0.500078105556895
0.500010639322976
0.499601795113777
0.499949983521136
0.499514963433801
0.500024002779969
0.499976988982448
0.499943264639259
0.500354433484734
0.500585029141957
0.500949533206008
0.499077156899727
0.500436912697356
0.500814328189044
0.499830761801476
0.4996514041233
0.500267421787423
0.499685549499747
0.500156399991709
0.500290763445903
0.499685139356084
0.499237279350215
0.500635454432607
0.500134070364701
0.499575550712356
0.500354954787627
0.500096634301389
0.499378805132599
0.498759615494181
0.500521149638325
0.498737820432901
0.499812549792627
0.499831862268212
0.499805562808744
0.500826272725049
0.499895971514004
0.500247414935422
0.499896014526471
0.499650136550138
0.500124634705683
0.499623062347786
0.500591537592119
0.499213620053763
0.499581922410985
0.499801750451047
0.499832035473328
0.500613934120315
0.499882651617862
0.499765330567433
0.499949641555832
0.500861492599975
0.500316943566489
0.500009754125626
0.500200263529214
0.500736477580645
0.499410804532767
0.499898945253764
0.499951409186812
0.49963248256481
0.500085878152389
0.499948359703525
0.499561290998332
0.499820623194174
0.499601248773035
0.500317853059598
0.499771400654201
0.500371098291838
0.500889227294277
0.500620886765649
0.50107950957663
0.500405411961864
0.499422019542045
0.49952922903101
0.500122132937862
0.499744983499244
0.50097034668151
0.500355451508604
0.500520579890856
0.499646787372007
0.499494519838045
0.500452932482076
0.499672739219171
0.499818165770629
0.499644871506376
0.500419596462575
0.499680232114136
0.499654525185156
0.500580553288654
0.501298306736949
0.500729998931586
0.500268922551455
0.499994675776027
0.499631606050312
0.499018694502503
0.499872173018088
0.499845250299805
0.500582337093521
0.500375549999926
0.500011382587242
0.499416389136385
0.49971265002329
0.500266635318004
0.500660223910359
0.499978411034693
0.500192078567187
0.50013820178926
0.498913832327435
0.499912155564259
0.499891789959511
0.499086423080644
0.500257581858132
0.500751657286194
0.500639907823618
0.499700553026139
0.500141113969963
0.500176605207157
0.500102175521466
0.500037184418314
0.500265908676396
0.500143713655665
0.500001785156914
0.499549671060181
0.500517213952713
0.500455292585143
0.50032698250464
0.499553814621013
0.499898807237333
0.500158394111723
0.499765269020025
0.499769517981215
0.499793457304988
0.499987084428744
0.500924586240633
0.499958926642783
0.499682750394929
0.500585608099909
0.500204796798254
0.5000209896003
0.500003982726714
0.499803949031105
0.500394726984182
0.500985733636752
0.499828985940081
0.499712368720731
0.500095167732094
0.500669701763901
0.499678185715756
0.499716744215761
0.499664710957443
0.5001623813562
0.499696872358531
0.500537771835
0.499355782737695
0.499280139590956
0.500057848533465
0.499853050960337
0.499686507870083
0.499763725954541
0.499961801730246
0.500440609719525
0.499294363181873
0.50034673209055
0.500158469179429
0.499926685043471
0.499403912370786
0.50043646849258
0.499806997712893
0.500020519493829
0.500166698877172
0.499506410666542
0.500537961509775
0.500397871613593
0.500762392196469
0.500144560104633
0.499347079440103
0.49934670716478
0.49949682368227
0.499554410833457
0.500281065515923
0.500069257071544
0.500466658450613
0.499680614742748
0.500395398747773
0.499648442494669
0.499674220987211
0.499924577095279
0.499835377503939
0.500217140957124
0.500226714699082
0.49963171827133
0.49999326030127
0.501291973599158
0.499909606975807
0.499948661037855
0.499821243608551
0.500078559918443
0.499027984031331
0.50056442184684
0.499588567016002
0.499745035429542
0.499971660608352
0.499241734150422
0.4988675312313
0.50048087008128
0.500192845865383
0.499751915715622
0.499576755144138
0.499836084654895
0.498809669825873
0.500817865717131
0.499071239984569
0.500817591196153
0.500413559749316
0.500191670672878
0.500787210535356
0.499687865038242
0.50010788326353
0.500171183079956
0.500066069048254
0.500113437010654
0.500546745820646
0.499962552178297
0.500067741276044
0.498664210620939
0.500339632015142
0.500022062692089
0.500144229122033
0.499697227363399
0.499945416029003
0.499802031203653
0.499298858199598
0.499788723041006
0.500263899864569
0.499870945528584
0.499361894222476
0.499555248970901
0.500959101792468
0.500194586057942
0.500186503783874
0.499753979557332
0.499576748560284
0.500278943338954
0.50022953688498
0.499636712012101
0.499516658698628
0.499989641271431
0.500028446919772
0.50014828540526
0.499634744840723
0.500737393419114
0.499318886851861
0.500454925158525
0.499580848523802
0.49996532779992
0.499846250768781
0.500626439341276
0.50000255223179
0.499785734749265
0.499941807341375
0.50039279296578
0.500513606386186
0.500662989188268
0.500791810255199
0.499740946583201
0.49995808680056
0.499876982884858
0.500316968101852
0.500489065247674
0.499070019148253
0.498691544602029
0.500592397852705
0.500014245700119
0.500127239821517
0.499735493649895
0.500285207064624
0.499067927105594
0.499674986033378
0.499301780799626
0.499967605129722
0.499003663446951
0.500473729798305
0.498803189979392
0.49963694136669
0.500502867641022
0.499527879871135
0.499597797023829
0.499661103301767
0.500102411315963
0.499779695025998
0.499434869637667
0.49996861981311
0.499745486639167
0.499938333451108
0.499953173320509
0.498836468884506
0.500332753124258
0.499934085374312
0.499965789846624
0.499651702258743
0.499025776955839
0.500042610262926
0.500695385831161
0.500273041081812
0.499536487866188
0.499504770258069
0.499018982589271
0.499787854871075
0.499936727893167
0.500256404015514
0.499741277554717
0.500709529597315
0.499714947126004
0.499791863770691
0.499406993532044
0.499698640590329
0.499397985525236
0.499627059791826
0.499479706531795
0.499624625787576
0.499900275451681
0.499824811296229
0.499906133950507
0.499255968798739
0.498976914139582
0.499257035804954
0.500339495241472
0.500137587794546
0.500456228352268
0.501311391042868
0.500144555556081
0.499407252330533
0.500270469068948
0.499730968054591
0.500482881891161
0.49960234584371
0.501103884748668
0.499233493133096
0.500300361483036
0.500486536400715
0.499360601593966
0.499855367769374
0.499475364083338
0.499853054380852
0.500185374910841
0.499715972989257
0.499456984945067
0.499691091505865
0.499506958206151
0.499255874964301
0.50004598632048
0.499988627316097
0.499984340230714
0.500667585737242
0.500118346782256
0.500008573447472
0.499973187743416
0.499529615798399
0.500111222841156
0.499537200328119
0.49979593805699
0.499557579767418
0.500161202062501
0.499973972731185
0.500316259649761
0.499534794010395
0.499363313986351
0.500681173474474
0.499950075086475
0.500306123470366
0.500235509847824
0.49995293739688
0.500472063558586
0.500427587985182
0.499779830891417
0.500192924484565
0.500350335995754
0.500296477405261
0.50024648158679
0.499704540862467
0.500459421157956
0.500080157785069
0.499851684208085
0.499686290118967
0.499997998933632
0.500640173497625
0.500566734687406
0.501026835967678
0.499424770722287
0.500389643455639
0.499268042088679
0.499726441091729
0.500028885297591
0.500621403221259
0.500150306997895
0.50028951579058
0.499641252593257
0.50090502249189
0.499750094531219
0.499805867513382
0.499697041986372
0.499820351292155
0.499640953889186
0.499927976359842
0.500415572133882
0.500774116823857
0.500154596085919
0.499858653789945
0.500049260229628
0.500030218862514
0.500499831523696
0.501016825271514
0.500801945639513
0.50011891375428
0.498883204265053
0.499140277660996
0.500423157059231
0.50041337043538
0.499609841559355
0.499537058704606
0.499988230891047
0.499827037909544
0.499704230073527
0.500261405362792
0.499785226114242
0.49959898535149
0.499223174432969
0.499647629023636
0.500095267398756
0.499991116720702
0.499616455490422
0.500486456140281
0.498674127856842
0.500341058399286
0.500051760349658
0.499511991652495
0.500078949228256
0.500457549242956
0.500242454160202
0.499940497919598
0.500022367619804
0.499967474219397
0.499074393594736
0.499803626686336
0.500116914690043
0.50060743438085
0.499989290789976
0.50012189529608
0.499843451330593
0.5001414510606
0.500414293962593
0.499663971743149
0.498920882318762
0.499515455544829
0.499426610073864
0.500044750884416
0.50029233869883
0.499583851427458
0.500428221398627
0.499543965808158
0.499617797554438
0.498994849499187
0.500245482048652
0.50009394028712
0.499411022692155
0.499785664117341
0.500090316855125
0.499225202613959
0.500533463233158
0.499626511427153
0.499417597324017
0.500286116472572
0.500105694188841
0.499117177452375
0.50012293940433
0.500991048641304
0.500924760816349
0.499985043970165
0.499561138003304
0.500292285984975
0.50048697859017
0.500355419637163
0.500471566707369
0.500218594022785
0.500354853382751
0.499814204281613
0.498863050727543
0.500035875555129
0.500627034812216
0.500021916437847
0.500022463424301
0.500264682692641
0.500002258377109
0.500883729423272
0.500089419696323
0.499514252105001
0.499726002308145
0.50030447595889
0.500144210361093
0.499472123828175
0.500445696397451
0.500430242541638
0.499155311341447
0.499413623398567
0.499149115779708
0.50025734353642
0.499130387709268
0.50040062157534
0.500939422093829
0.499979224543468
0.499487765778387
0.499847788167167
0.49993784405851
0.499479388321665
0.499709986073316
0.499659136441132
0.499689872271466
0.499895953182193
0.49897475874598
0.499919867803343
0.501218974489368
0.500004063220891
0.49976070811808
0.499451108013478
0.499904859224366
0.499958001084837
0.499393218268815
0.500296477537387
0.500554178032554
0.500304497742909
0.499616675100354
0.500099080322433
0.499437245761983
0.499644233499583
0.499730377135783
0.500665206031394
0.500880923827686
0.500118392568126
0.500322293825499
0.499900429891445
0.499778758820627
0.499361371865578
0.500510994516392
0.499771455896615
0.500758274877852
0.500423549525912
0.500038257401279
0.500327443633262
0.500061064682027
0.499834935676128
0.499992892366762
0.500763988628243
0.499340414393077
0.499754469406441
0.501195073184188
0.500428277828005
0.49982919891109
0.499761163155703
0.500145268966317
0.49966219283476
0.500379426126432
0.50031298830547
0.500002451414034
0.500515932596793
0.499238244645362
0.499737365468111
0.499668202123088
0.499205502092979
0.499984966215468
0.499650332442486
0.500099565595712
0.500029870954252
0.499304696125844
0.500117351868001
0.500490680880692
0.49967132259866
0.499857950930843
0.499656208092473
0.499625351643861
0.500173444812122
0.500573162770405
0.499392426815903
0.499818729355088
0.500377398011799
0.500386326343213
0.500212452284108
0.499595463041113
0.499822362838408
0.499913273416098
0.500348384077305
0.499445100349832
0.500931904496956
0.499969008789776
0.499838826445905
0.499440625258454
0.500507955304934
0.500062571220225
0.499511238375129
0.499837601457872
0.499957886740481
0.499709933356331
0.499661799685436
0.499969032972034
0.500534493481284
0.50042230214927
0.49949798045537
0.50014284389259
0.499598739639306
0.499728489563242
0.499874860832818
0.49985304381818
0.49941515249926
0.499799517259428
0.500238686489458
0.499657456360185
0.499866055508353
0.500285457445206
0.499311502143525
0.500545571082325
0.499221961098634
0.501380897296992
0.50037579965027
0.499077784689659
0.500274974023633
0.499870935488309
0.499779672313918
0.499648972254132
0.500190402339957
0.500165918822648
0.500362662320091
0.499774057687575
0.499737679827205
0.499745181729115
0.500174091054439
0.499997755469978
0.50015114214339
0.499694843360304
0.499513933491594
0.499295271706233
0.499681623308111
0.499178746542638
0.499802149706109
0.500986931185081
0.499296107886686
0.50022772856456
0.499695504930552
0.500005082835463
0.500448999504736
0.500061548351576
0.499873023818315
0.500333189535893
0.499909117015545
0.500142969648258
0.500014428067246
0.499573085380658
0.499406769792495
0.499800818657234
0.500507008616965
0.500659333414757
0.499956495380954
0.498894177550707
0.499393181382064
0.498501040360843
0.499235419687536
0.499809574512172
0.49936943514951
0.499480149100133
0.499996110547486
0.500476814684481
0.499812640621981
0.500080412106279
0.499460657789186
0.49938941490098
0.500961170502046
0.500238258564271
0.499512642049582
0.500146483464569
0.500034384812221
0.499114093371037
0.500724170983765
0.500309036503457
0.500226448588266
0.500178512960802
0.500489734709128
0.500590152009948
0.499825424564041
0.499577112534628
0.500058879723371
0.500120521833068
0.500146040312162
0.499816182802842
0.499577234790385
0.500498917321338
0.500555034623867
0.500103217532579
0.499910011694137
0.499987347746097
0.499723393105233
0.49955016443442
0.500156688445062
0.499400365354695
0.499879694172298
0.500082394859905
0.501312407366303
0.501238088647227
0.499689902398724
0.499995901711764
0.499978363429841
0.500866291738616
0.500355511103284
0.500235178894512
0.50110098651538
0.499880355434494
0.500373846529428
0.499900839963429
0.50028988467834
0.499800835536122
0.499339028462231
0.500397748388467
0.499608526790987
0.499752012866199
0.500076247575486
0.49951758897986
0.500001722635537
0.500491915954842
0.499526121459945
0.499757845769903
0.499635002582309
0.500169188814402
0.500406200890922
0.500870601771375
0.499887204322362
0.499449225530377
0.499936101485131
0.500432910143374
0.499175481806866
0.500118851661576
0.499552968900466
0.50005418372258
0.499918134660015
0.499701072573751
0.500347380144771
0.500348190188705
0.500915424260164
0.499824840250531
0.500345232473053
0.499926304380158
0.499777655112309
0.500378141710714
0.499474087603957
0.500507117853688
0.499899968327538
0.499794041282845
0.499759009617649
0.500417773807263
0.499965658183431
0.499783912267992
0.498936234792583
0.500225381886246
0.500670575670114
0.499550171776583
0.500239914964407
0.499858503883488
0.500430365916687
0.499668346937801
0.499417932972587
0.499355071303643
0.500254599450671
0.499859661065921
0.499482480762109
0.500479165065344
0.500048573353868
0.499796229022304
0.500659763612934
0.499552758108425
0.500354282162329
0.50081295984209
0.499773030494939
0.4993136624258
0.500321157276172
0.500047832495758
0.500622565494891
0.500002232127899
0.500426606822202
0.499969030106845
0.499187456699558
0.499578349615228
0.500412256714267
0.499780866726107
0.499257904581425
0.501290505290111
0.500006501007802
0.49988487340954
0.500264826859545
0.499732098443711
0.499539011993889
0.500526145672257
0.499809630081065
0.498736302020207
0.499617497655464
0.499805148222744
0.500021807899194
0.500398495784052
0.499938445415391
0.500612271281583
0.500375204164266
0.499756052613433
0.500185551721545
0.499605864357973
0.500143168403981
0.49952153413547
0.500504817669271
0.501047616270891
0.499973961779676
0.500494469419236
0.499838037889341
0.499051204411765
0.500168891753913
0.499726459729851
0.500619172300017
0.499882951129812
0.500195499894574
0.49937284581378
0.499484776574563
0.499713774137512
0.499840922476131
0.499978873595425
0.500117593322442
0.499636144087859
0.500298949863901
0.500085305432435
0.500561645668098
0.500443388252994
0.500405757419686
0.500114851414206
0.499929906125344
0.499570323444978
0.498644949280726
0.50004640445203
0.499715477816758
0.500091603620541
0.500979552655598
0.50023891553307
0.499642315161213
0.500242019171522
0.499860455884315
0.499723877778984
0.499890275456424
0.500984029072714
0.500062290541183
0.49993116239366
0.499200427950996
0.500311706560277
0.500045223114257
0.500201216810397
0.50019030464014
0.50071324943944
0.501034922212002
0.500683652313353
0.500304140236409
0.499958222899302
0.499998465323858
0.500704727923894
0.500006818084509
0.499200911432808
0.500498037052513
0.500055091194405
0.500179994952902
0.499579740363002
0.50070116049913
0.499642406232371
0.500494145840576
0.500386437227361
0.499614710837949
0.500681880645494
0.499385330252688
0.500842143063639
0.499675741516026
0.500710035058891
0.499271845223253
0.499678913048456
0.500216065311952
0.500131247866195
0.500135782270707
0.499279671129125
0.500737477715731
0.501399542742308
0.499175681749498
0.500180958207211
0.500620562172774
0.500027598805734
0.499995279225299
0.49967996994858
0.500502827510242
0.499341616666407
0.500690711708291
0.499195676403341
0.499170669151772
0.500988152299182
0.500491226888869
0.500349054681647
0.500773954542451
0.500181741085134
0.499806298077398
0.500092721516319
0.49949418543634
0.50083969230502
0.499237268651572
0.500904518695467
0.501109551135608
0.499668871872485
0.500428896435464
0.499628351332066
0.500061597830559
0.499869216545426
0.500397582164039
0.500015051416141
0.499619888951478
0.500006726953617
0.501137923285993
0.499724451082544
0.499267445551097
0.499607851270237
0.499804049573317
0.500361039020585
0.499816905896709
0.499767197782992
0.500331855873055
0.499461461764272
0.500697231091054
0.499164930580243
0.499870988570634
0.500005973966688
0.499816446387969
0.499154944565267
0.500192088996291
0.500024236519979
0.499439816738939
0.499843838287758
0.500091487322639
0.499861815179645
0.500416353846881
0.499587047097426
0.500269605117657
0.500551952425682
0.499394795029046
0.498995450719407
0.499665483610019
0.500281227851134
0.500018750681595
0.500206623437758
0.499348396452699
0.500392995273521
0.499451995943517
0.499656803145098
0.499224334330004
0.499908899609446
0.499797010370754
0.499991254843403
0.50080460835758
0.499809442649305
0.499438752264036
0.500185700994123
0.500634016185303
0.499544267043654
0.501426686275556
0.500056013764596
0.499958235803244
0.500093026117003
0.500618135921597
0.500141750498811
0.499113465980583
0.499605227488316
0.499101867439894
0.499988481908748
0.49976584847286
0.500100381913266
0.499461614676798
0.499902799373488
0.500491302030455
0.501180177993334
0.500106236025379
0.499893039182644
0.500836380607539
0.499407820547619
0.499986840956927
0.499551184602825
0.499891326708946
0.499972558190419
0.500482560996435
0.499880364911153
0.499696432307396
0.499470900701802
0.499620176463545
0.500489242007566
0.500233125670846
0.499282726214469
0.50041012247994
0.500161592935441
0.500356092482653
0.500288861496485
0.4998324894904
0.500585583999565
0.500099727531236
0.49935807634996
0.500427866117842
0.499809057740512
0.498847495079223
0.499779735915929
0.500049496920808
0.500797489512729
0.500163938032748
0.499346440445672
0.500104443382584
0.500817915618539
0.50007422339012
0.500772411536048
0.499971580901954
0.50008246281926
0.500590519600309
0.500057574592302
0.50025240476018
0.500643219878542
0.500239824372561
0.500436524861801
0.501159151225161
0.499025723091101
0.500363443405242
0.499781393782867
0.499782499806086
0.499755343028436
0.50033722473162
0.499711066696128
0.500061535356667
0.500158527115925
0.499452984489552
0.500436077798267
0.50056869376617
0.499434789694621
0.500920783166202
0.500274324289512
0.499676122378605
0.499599911243597
0.49909951859542
0.499981235024599
0.500189596036277
0.500042550118509
0.501083966477811
0.50036222046396
0.500291356698754
0.499995393575759
0.499766600951841
0.499909310037576
0.499394280883973
0.500076712086774
0.499908665263672
0.499449511789935
0.49942233513184
0.499460406381622
0.499664580286891
0.500196536661769
0.500420831554571
0.499563898643953
0.499426654062877
0.499662854068736
0.49953780774209
0.500021035398523
0.499816068164308
0.500386027834808
0.5000579092337
0.50071616626356
0.500272632414245
0.49985222424829
0.500320760874325
0.499973487658059
0.499528237804343
0.49990505910713
0.499887225659623
0.500603061374329
0.499658943219461
0.499483604638229
0.500655411249086
0.500673723617717
0.500371540918653
0.500672815751033
0.500456007609707
0.499984570085713
0.50038317951988
0.500316103961318
0.499431729417345
0.500186515017636
0.499521673542263
0.500807837429445
0.499861392091383
0.499774764822236
0.499602693498563
0.500301210299936
0.498913274620493
0.500073497787758
0.499455489400414
0.499800851336645
0.500003646518603
0.499964219897899
0.49958811788212
0.49966501294658
0.500850094775541
0.499534595693968
0.500006740892657
0.499092977557195
0.499873452627395
0.500432085510484
0.499995239806529
0.500371864482184
0.500313487621885
0.500393658779271
0.500959560041055
0.500519614086482
0.500017688302589
0.500371508012054
0.500252705489403
0.499754310341224
0.500339931847861
0.500208357899908
0.500445268903365
0.499804841756824
0.499510600444703
0.499982676662002
0.501154081527075
0.500608977446017
0.499905690475134
0.500593459706002
0.499558048816969
0.500243860691992
0.499502892394643
0.500050935604945
0.500859756315052
0.499446603348686
0.500116381859901
0.500544545708811
0.500442744381761
0.499762971901218
0.500353584058193
0.499806379650444
0.500234384742317
0.499251929176966
0.500682037277589
0.499853368413711
0.500385910482196
0.500153612009255
0.49997123196733
0.500921480069455
0.498661563464802
0.499888268682634
0.500375050907328
0.501639580284987
0.499790042271566
0.499245969151573
0.501034706365423
0.500739518766792
0.499339986825856
0.499390277794395
0.499964925587901
0.500363476237291
0.499172303541079
0.500201025823971
0.499813721029288
0.49982671977581
0.500786584690847
0.500360471175153
0.499502067537054
0.500276473881896
0.500217038749434
0.499391801423798
0.50050811636609
0.499576052961537
0.500233136660041
0.501025435461212
0.499523174471289
0.49979360001532
0.499731405052304
0.500121643501711
0.499867406704861
0.499810610548394
0.500273692185103
0.500324541583904
0.499721111250355
0.50008430547636
0.499809667560355
0.499970918668886
0.499464701179838
0.500154635616958
0.499887433730118
0.499340286970615
0.499756200805585
0.499897033778482
0.499415435076791
0.499864355261586
0.499451882096957
0.499318087954837
0.499664086847396
0.499783424090434
0.499970517339007
0.500261940498809
0.499923133400261
0.500222710521956
0.499492521719357
0.499958736754696
0.500126701127283
0.50096891012758
0.500187867662469
0.5001744217295
0.499794403234259
0.500116641108421
0.500034205324203
0.499777686503965
0.499453674556977
0.500809167576782
0.500019677824486
0.500063592164866
0.500603802780212
0.498967436813573
0.500605789721705
0.499823844748005
0.501106268161988
0.499906126942239
0.499592809064165
0.500626780541203
0.500011026977848
0.500131908223168
0.499878553435857
0.500472341545069
0.499035416837587
0.500392590943217
0.500129142301648
0.499240357319714
0.499928670832644
0.50029218068406
0.499864757191042
0.499661389640109
0.500581013640386
0.500862007090123
0.500195210113883
0.499884562990812
0.49983133130862
0.499722456132513
0.499824025233434
0.49918110328291
0.49970670102285
0.49952735313619
0.500200035972976
0.499790161516001
0.500475978805247
0.499643275690457
0.499891041568856
0.500614676888531
0.499754662114177
0.500797114603896
0.500318018250789
0.500615749459256
0.499702839036131
0.499722133159357
0.500390009666066
0.500462299998954
0.500816362398839
0.499578764955293
0.500377530151071
0.499270018916909
0.500701078810713
0.500047396597713
0.500082965817153
0.500556494310156
0.499766109621979
0.500090420137908
0.499665787157354
0.499314358817816
0.500663228249625
0.500189203755785
0.499815473986108
0.500083614235771
0.500025382801055
0.500209025814648
0.500581641012137
0.500125348758417
0.499873630251041
0.500135980060501
0.500457113393755
0.500240785349329
0.50029132393428
0.49961257383927
0.499408677459011
0.4993229125604
0.499023206430033
0.500316800176042
0.500128299853627
0.500329031462161
0.500256657432148
0.499322304016664
0.499867354028338
0.500166091334467
0.499828685624207
0.49933051211225
0.499613094423691
0.499372646938156
0.499927053969732
0.500039601539997
0.500329350409231
0.500234152536214
0.499574272894734
0.500007968847857
0.499943301396408
0.500365169285115
0.499317172052427
0.500717950843902
0.499680841680589
0.499635208920394
0.500335958681982
0.500569107057548
0.499981900875097
0.499659575943086
0.499987074742774
0.500332638700127
0.499751897297299
0.500308824918678
0.500081293145563
0.500510727764005
0.499885121581644
0.50070530523233
0.499534320078661
0.499750472382096
0.49999457380049
0.500424041347813
0.499984918245251
0.500155802952323
0.499487837645436
0.4992974625675
0.499601039119482
0.50015696426361
0.499793446140825
0.50015688647958
0.499665334191691
0.500460700217583
0.500586118717319
0.499789656379553
0.499495669843361
0.500149589814544
0.500527631802863
0.499881861688518
0.499626413561484
0.499720666544306
0.499827398754197
0.499939989666606
0.500086296314883
0.499758903225961
0.4998100822991
0.500528596537141
0.500454688037235
0.500219964365574
0.500115600613727
0.500171596731634
0.500572274389573
0.501222366427516
0.499370991440549
0.500244945641163
0.499775718182937
0.499491036793073
0.500201116306768
0.499375564157086
0.500364569828154
0.499885904855683
0.499365962165354
0.500752516195895
0.499821812015892
0.499798689318713
0.49994945571648
0.499992738636503
0.500148147539816
0.500532022208481
0.50058905862203
0.500341799199613
0.500167316315026
0.500326228405767
0.500377619398546
0.499843948292662
0.499934297252052
0.500085699607597
0.500356554455353
0.500704527418885
0.501139313203117
0.499807824351186
0.499003212521673
0.499495876312036
0.500391271749329
0.500395989692279
0.500165110035616
0.500575260661946
0.501218281107225
0.500995591489921
0.50018048881693
0.499239690460846
0.500029513447563
0.499615682034204
0.499063635602763
0.499870628901487
0.499446277994365
0.500168015200405
0.50091260101324
0.500747889448921
0.499687877914282
0.500213392823828
0.499858793368803
0.500824489155519
0.500308690131936
0.500157079205396
0.50084940659163
0.49960990207356
0.499605340586649
0.499862880741736
0.500432000979859
0.500295059564806
0.500016489537277
0.500038295150292
0.500140133038203
0.499594716199844
0.500198790261388
0.499814937632915
0.499863754107424
0.499999776100874
0.499881127518517
0.499860858963731
0.501072749562595
0.500389004793807
0.499538790339271
0.499868791212549
0.500391048833249
0.499836643487678
0.499845649888707
0.499735367130397
0.500633645496414
0.500433478552018
0.500189325247178
0.499824986749406
0.499493472637071
0.500390254597474
0.500977808616423
0.500278282966326
0.499846137238392
0.49992245577253
0.499766724839249
0.500276127642122
0.499563858257368
0.500236430617323
0.500518116015591
0.500610290564775
0.500467197289078
0.500126777642809
0.499860084287579
0.500389203332706
0.500184557744011
0.498948974664411
0.499400780333552
0.500601548446504
0.500982738763465
0.499971518169725
0.500346798244373
0.49951383988574
0.499977985793658
0.500772924478426
0.499502688681879
0.499998556918651
0.49973718816173
0.500833133384117
0.499906880351241
0.499071483571176
0.500041015873789
0.49996710949633
0.499775185559718
0.499692778228739
0.500091921028191
0.499813642985884
0.499681966703179
0.499862162689445
0.499728251658766
0.499466344925031
0.501106849309915
0.499818281607358
0.500146705110748
0.500031207113413
0.500129373035159
0.499382484585721
0.499362642052498
0.500207797086116
0.500517157216289
0.499625167454123
0.499709977896368
0.500572692729064
0.499619513782905
0.500323600041648
0.501002298165541
0.500034330188085
0.500636893894454
0.499379145850999
0.500314869709047
0.499693977441128
0.499730327010059
0.499848404001935
0.499702057294044
0.500436682710012
0.499597927233687
0.499508963824101
0.499725495752163
0.500506865754857
0.500171847234572
0.500367251342478
0.500511785055797
0.499599046263185
0.500908940003478
0.500287908092759
0.499667014145763
0.499114621162272
0.499807629980084
0.499319438938944
0.500309360920223
0.499891396772689
0.499568650996994
0.499692861040047
0.500222460473987
0.49965377462842
0.500376395388721
0.5007019253866
0.501012295391059
0.49996923923777
0.500471948158562
0.500114766567944
0.499456453775107
0.499114837767451
0.499647378081523
0.500586902172107
0.499732409715961
0.501558019797206
0.500726503190906
0.499494387710113
0.500003063434741
0.499660623294204
0.500182724793261
0.499998460912069
0.500567324941848
0.500075590437124
0.499120691205799
0.500351066159695
0.500425388327109
0.499579240868499
0.500807396156763
0.499868082999735
0.500749706941349
0.500615455113835
0.499961021889137
0.499092550920833
0.499907470462358
0.50003934795419
0.499275533377877
0.498860125424889
0.499998090661483
0.498942702181972
0.500116473392847
0.49971279939476
0.499707284628416
0.499814547541989
0.499967754858223
0.500155300923288
0.500267071220642
0.500124611033677
0.500434275160566
0.499718567353324
0.499732973617773
0.500335965204731
0.501423734177098
0.500151773044277
0.499841729766641
0.499430825727557
0.499782497362388
0.500271128884478
0.500429497019622
0.498990780506494
0.499785434397628
0.499800628736601
0.4992602278457
0.500660923978681
0.4999939859608
0.499398630666435
0.50073919989224
0.500308352205619
0.499533500928199
0.500256680524268
0.50011591445144
0.499873329570759
0.499923186134026
0.499391852777194
0.500167468725205
0.499989530456519
0.49924401639246
0.50071194032051
0.499864351264018
0.500255698356581
0.501047903322943
0.499687165371971
0.499213809992489
0.49989903245553
0.500552662664531
0.500148096810018
0.50033954710957
0.500438567576496
0.499837957787633
0.499650780903301
0.499370571492839
0.500038200720328
0.499633407663046
0.500125383165513
0.499468105729041
0.500536264726892
0.499694550574831
0.500024569159951
0.500445565582463
0.500300890481978
0.500790201751751
0.499982720755823
0.49961385509953
0.5002422082767
0.499503317661121
0.500353337558208
0.500234440089565
0.499904719546526
0.499484521103723
0.499791257914992
0.500265868330884
0.500098947574565
0.500167572254763
0.49975353509443
0.500138060118641
0.500162459698737
0.500317580489494
0.499742429788435
0.499083160560199
0.499961038489436
0.499939564287907
0.499777298403493
0.500816589567432
0.499891487773482
0.499514307488421
0.500361905839725
0.499676711014213
0.500121566331547
0.500286999065633
0.499335111892511
0.500267016886794
0.499955070292739
0.49962566715757
0.4993908289741
0.499000697131582
0.500114804322803
0.499906404652981
0.500080051557978
0.499285528609204
0.500615411245155
0.501014458904685
0.500277940917278
0.499870369835497
0.500398513515725
0.499760852549928
0.50021953878943
0.50044882165988
0.499563973490838
0.49900156337587
0.501252649819607
0.499725550973724
0.499976578455925
0.499345088848658
0.499716688296064
0.499686389079159
0.499736726911919
0.500188420378984
0.499078459004818
0.5001855091784
0.500308334597608
0.49973596928306
0.499694126883133
0.50008355843017
0.4992740942738
0.499755121433362
0.500649301195331
0.499192990100061
0.499693940574674
0.499503609441912
0.499976351048823
0.500422500539105
0.499536774612425
0.500442621552323
0.500450421905593
0.499796414351742
0.499792438606934
0.49994488302821
0.50008197665397
0.49970254868199
0.500457172448098
0.500015970307455
0.500350852163702
0.499928086304864
0.500019504665709
0.499809220114445
0.500208201477062
0.499519159368604
0.499761415952161
0.499920317065309
0.500659023018962
0.499865356681451
0.500149714595315
0.499432438304431
0.500824415488296
0.500962160972615
0.500420476905261
0.499573897431002
0.50065176386379
0.499988658146822
0.500788283628609
0.500637066307875
0.499659088564566
0.500165424433014
0.499610323769396
0.499353998945635
0.500447354826718
0.499781239319339
0.500439046345463
0.499999036337768
0.499315965584517
0.499926867186983
0.498682361701527
0.500408651581691
0.499808476880038
0.500011443677888
0.500646653141635
0.500733432594708
0.500893472237776
0.49940764794787
0.499919811900436
0.499922909373396
0.499621309251293
0.501063034702298
0.499996099926456
0.500403713420668
0.500663814915166
0.499492750151596
0.500461182484642
0.500642476367659
0.499931021127119
0.500065112474979
0.499947122553847
0.49968657795376
0.500207055879841
0.498940075951053
0.500473501347129
0.499149387543937
0.500905891423226
0.498933370246353
0.499790554351115
0.499575543415588
0.500322433031801
0.500011652698336
0.500656057969642
0.500067177404824
0.501203724847275
0.499969228442983
0.50027808823799
0.499287461444894
0.500114980172468
0.499899994646069
0.499751234899388
0.499544582476508
0.5007326374463
0.50013540927036
0.499622820905933
0.500757543622837
0.499609953216538
0.500389856609291
0.499381010014012
0.499546228689535
0.500329457207161
0.500541053526779
0.500388982203968
0.499613544970892
0.500044202738572
0.499549549602071
0.499812350849236
0.500067391299206
0.500783139671877
0.499842749836835
0.500526131398962
0.500438153083128
0.500030545145925
0.499386217170894
0.499649141744682
0.499618101693738
0.500258437739644
0.500379054612527
0.500108336056505
0.499306849414457
0.500062482335235
0.499919860457676
0.500221450744345
0.50036670698872
0.500470373837174
0.500144774420361
0.499585256560028
0.499500688769758
0.499615344290242
0.499816260224912
0.499466435369812
0.49974753849386
0.501049549475548
0.500401027162898
0.499157220242889
0.499671065566896
0.500635593644823
0.500591877323295
0.500220069642017
0.500823820092236
0.499642905706901
0.49992423991933
0.499298908631733
0.49970978600587
0.499589769520248
0.499885726046231
0.499698748176676
0.499842038840544
0.499601878457142
0.500185194072948
0.500081004625436
0.500674391228912
0.500310613961019
0.500828841429597
0.501060174583544
0.499696507892764
0.499255082727236
0.50046539219793
0.49920524872209
0.499968084745682
0.500096965043894
0.499642789838377
0.500543066796118
0.50002214586223
0.499912099047738
0.500030252074118
0.500648852099639
0.500213589372497
0.499808921401211
0.50016265826709
0.499718972450882
0.499683664643493
0.500317143506243
0.500307006575429
0.500185917210049
0.50038258007706
0.500401401487997
0.499015376356463
0.50010764580784
0.499966827894569
0.500087804897227
0.4992563007538
0.499421997405006
0.500616725969459
0.499355897299194
0.500448482944546
0.499454104530374
0.49962480454451
0.500633113453253
0.499948985531166
0.500157327318634
0.499936794251097
0.500089508316765
0.50090071020233
0.499677077552163
0.500112867661875
0.499663299924923
0.499621880612969
0.500835035132401
0.49884364822227
0.500601774446303
0.49971004406573
0.500443383042347
0.500483881746394
0.500395499425901
0.499802379519005
0.500111268570153
0.499966899436415
0.500177168178057
0.499925417608247
0.499962844723189
0.498953840802987
0.499594040775124
0.499572749433438
0.50038822147444
0.500199480238068
0.49998623474502
0.5009117254359
0.499882256810386
0.500677732394661
0.500512827064975
0.500688618510089
0.500660505371312
0.501366807316035
0.50057078327351
0.500137181838461
0.499708911130878
0.500285504079956
0.499671630514541
0.500472593093799
0.499359129780184
0.49938374123621
0.499965115502187
0.500653156555014
0.49968947704201
0.500203844219286
0.500012428406708
0.500190700562314
0.500124292609961
0.499709969298835
0.499694716711228
0.499899470142375
0.500385093910827
0.500085163611672
0.499454829050296
0.500844986387469
0.501103680932251
0.499770030778881
0.500465180156922
0.498899536716726
0.501036517675487
0.49968299087274
0.499623662447236
0.499689578219327
0.500275481972417
0.499594516876147
0.501165014533584
0.500163935989632
0.500045307883915
0.499584977520066
0.500738451952487
0.50014875760266
0.499893149875629
0.499183407989446
0.499378215683529
0.500715714331594
0.499869731437953
0.500316217538147
0.499965779542028
0.49995526147481
0.500323164220672
0.499902931301395
0.500239228638845
0.49954652054021
0.499759690107022
0.499478782012581
0.499474147170022
0.49962718012317
0.499559753446284
0.501158791543756
0.499577508503697
0.49967963453839
0.500876663259721
0.499181744877253
0.499372716300404
0.499875057199006
0.499590725678056
0.499765020883951
0.500591793231634
0.499687956932708
0.50030902931572
0.500141539994872
0.499971533701907
0.499523292450807
0.499114824890788
0.499618282489819
0.500428863712003
0.500221233443444
0.500060463726147
0.500093812390297
0.500328212681876
0.499807480893538
0.499743060653303
0.499861998631038
0.499228824538196
0.500178363376068
0.500287092626307
0.499504420073754
0.499125336326272
0.499782980891749
0.499900239039258
0.500108928323407
0.500716150506053
0.500068933814167
0.500817787357876
0.499652358224198
0.500036835865414
0.50018470219724
0.499743632316319
0.499648141623638
0.499731327895731
0.499778041101423
0.500996492741854
0.499805421043262
0.499929577610463
0.500129325783037
0.500667269565417
0.499702271228554
0.501169556019479
0.500503856757276
0.500075541875457
0.501320270181115
0.500084420294341
0.499606678673678
0.499776173691109
0.500651691350463
0.499576655417432
0.499673045825545
0.500585509690091
0.500073405668819
0.499966926498672
0.499577024920353
0.500303157953737
0.499037346856751
0.500348690721008
0.500039273964869
0.500527846761477
0.500123955577226
0.499986191161263
0.500607320035565
0.500043777742845
0.499682269494458
0.499204579596369
0.500941316867533
0.49945568177943
0.499736876924437
0.500655160413422
0.499688014649422
0.499715859962634
0.500021192177594
0.499405531201297
0.500059116490384
0.500002068071407
0.50087679766033
0.500197246006366
0.500211373272887
0.499892542176076
0.500657713934417
0.500482860647389
0.499576347646638
0.499540833543296
0.499767972996942
0.500962664816558
0.499729742045495
0.50018037796089
0.500452415558965
0.500019360882939
0.500284528570003
0.500386156282772
0.50030693037742
0.500824963985506
0.500261812008961
0.500429482885186
0.500345577048956
0.500339386210711
0.499765638976114
0.500109046935455
0.49924078705936
0.499713436538479
0.499699394728369
0.499235555494776
0.500124692405188
0.500330735388995
0.49971506654228
0.499548592135393
0.499818068654884
0.500442151692382
0.499529475500633
0.500946049291098
0.499974975148164
0.49892862203652
0.50080793112932
0.500415334213754
0.499906752467165
0.499570297324244
0.49972560235485
0.499085503169924
0.500167160568725
0.498488480897441
0.499137502325516
0.500198440258968
0.500585695350397
0.49972104992003
0.499751374252211
0.499187331015286
0.500086367404478
0.500345677964288
0.49984598936267
0.499988037110795
0.499900132361887
0.500120343883809
0.500249148669438
0.500495142447347
0.499831836361759
0.499281362652776
0.50077743439203
0.500733184190817
0.500194436157333
0.500115913257571
0.499218561061969
0.49971592433243
0.499574953660048
0.499750334644927
0.500834057464836
0.500177989342929
0.499493739709119
0.499978013289901
0.500058176351262
0.499866859448799
0.499167607789608
0.49987541399403
0.499782066704169
0.499474269635494
0.499782754248232
0.500318051139603
0.500125515564621
0.500314471541986
0.500101602106013
0.500008425301587
0.499988086654682
0.499636270910388
0.500187663790775
0.499851953174691
0.500274388174037
0.499667968423198
0.499559757636681
0.499982352386424
0.499939752911756
0.499418613167196
0.499630622149201
0.499852788271182
0.500579803707078
0.499620525067584
0.50017093862492
0.500232539639557
0.500025445621473
0.499865524024449
0.500540864314151
0.499307008696056
0.499632873843609
0.499598834255564
0.500087746273318
0.500475408641214
0.500749962492039
0.500616368988717
0.500639881907571
0.500577827022309
0.500894600221657
0.500517593622384
0.500309976458282
0.49991004345877
0.499716007568891
0.499866593306315
0.500314036082932
0.499499346390817
0.500410675119189
0.49948194388778
0.499779140315884
0.500338803780634
0.499949446654161
0.499676034765839
0.498913210918209
0.499690938022167
0.499926494028992
0.499129729005506
0.498492397992209
0.501140548623646
0.499591781456883
0.500374250253483
0.499860086860244
0.499410017826624
0.499169119549004
0.499811432201054
0.499878099192466
0.499406008899628
0.499756602214693
0.499402990680793
0.499832544740607
0.499366076378519
0.499947398310971
0.499829259240355
0.500830910896847
0.499663393886551
0.499827576884893
0.500035963687016
0.499453550958182
0.499799732359767
0.500109405018483
0.500389788594911
0.499521293177091
0.499363827850464
0.500299542370436
0.499828494857534
0.500443089902321
0.500929421527303
0.499939831907151
0.499617509905206
0.500537737503628
0.499541963719269
0.49998114172782
0.500829029763347
0.500066790295609
0.499042899523184
0.499454444062465
0.500386197758918
0.499842129195123
0.500136878075065
0.499381998868844
0.500462081679946
0.499622505483603
0.500252053175143
0.500627192212229
0.499938438914887
0.499404911814875
0.500727168724015
0.498619352460142
0.500499656777279
0.499922053783897
0.498736184562963
0.500757777386888
0.500132146435903
0.500156154235443
0.499622811624513
0.499570683305631
0.499944299519594
0.500158403207688
0.500149191514383
0.499435440296111
0.499599179088876
0.500269646624523
0.499558863820886
0.500219555548599
0.500148766433387
0.499445491403707
0.500050996472656
0.499950013161233
0.500158164117217
0.499928433808416
0.49993887140348
0.499940967741577
0.499232187753929
0.500092194888426
0.499903156052355
0.498917399638601
0.501118357696233
0.50051778593002
0.499079629364568
0.500925210583567
0.500042570548365
0.500432534465075
0.499836522021704
0.500220643474036
0.499421591947561
0.499417555827151
0.498747782241173
0.499869335781685
0.499341356168888
0.49979271571411
0.501019065679834
0.499193214681291
0.499958599252782
0.499327066486473
0.498915505496008
0.500606593509372
0.500113354967711
0.500285987124429
0.500158950145638
0.500303178749491
0.500249224675488
0.499154887967707
0.500316714286791
0.499545444064641
0.499316025701423
0.500023451265584
0.499526524540591
0.499941306524359
0.500415930510511
0.499865556459658
0.499255387386061
0.500920195027034
0.499320659828666
0.499910508103461
0.499994526452313
0.499562675361525
0.500041731901225
0.499925697374359
0.499367599472991
0.499557951317839
0.499773346529287
0.50024290661839
0.500156116681232
0.500053811938808
0.500038279633734
0.499916226967026
0.499586267004799
0.499811446614012
0.500017504815739
0.500231290745729
0.500421174527656
0.50056941442731
0.499839170597839
0.499865748985014
0.500469203769646
0.499994279375202
0.500017155218126
0.50072812609724
0.500376432532509
0.500240571949047
0.499666504701216
0.499310350765532
0.499531876024806
0.499308803610705
0.500285684012955
0.500345000301747
0.500043446960111
0.4989144941007
0.500026844009343
0.500226375275552
0.499557570854466
0.499828070986889
0.499788917525306
0.499605350560887
0.499616459005034
0.499793768350784
0.500264755906314
0.500445437130381
0.500490479499511
0.499601310827993
0.500506791382149
0.499158325872726
0.500074129753256
0.499784685322047
0.500595492266979
0.500923892571773
0.499676839970864
0.500665050321944
0.499828787965398
0.500722186081346
0.500566620031212
0.499430024230767
0.499722118830718
0.499197492360956
0.499941892242231
0.499748975768283
0.499719148798592
0.499030496493062
0.499723247777663
0.500656303322519
0.499912970606227
0.500715201016814
0.499369816593727
0.499638052935041
0.500739927897167
0.50113016578156
0.500028346904038
0.499829131632865
0.500302924517205
0.500196030548033
0.499877294714434
0.500776048081239
0.499806490980736
0.500565204787367
0.500269663148792
0.500547747881269
0.49934252591771
0.499579716185615
0.500382965165693
0.499726577407649
0.500424294137371
0.500409856524125
0.499996330811841
0.500175055798178
0.499981251436045
0.500300647937475
0.500204401532161
0.499118860348092
0.499887087508975
0.500180270849402
0.50049459246233
0.499938819436614
0.500169156451576
0.499608229947304
0.499023578553714
0.500660415877076
0.500582002295563
0.50000800865324
0.499820167338677
0.499471122302519
0.500109601989548
0.499278832568913
0.499624304356848
0.499618638843486
0.50039845697103
0.499818416418983
0.500079592183978
0.499977053258567
0.500442053894538
0.499402995491088
0.500032779471131
0.500656646475259
0.499779050319834
0.499434736950062
0.500016364779831
0.499602296923809
0.500630879120248
0.499386378406251
0.49999060634722
0.500156082393327
0.499607104268755
0.499890889617075
0.499635989320467
0.500487671356533
0.500011889004038
0.499662968958251
0.500028217290288
0.499379608512185
0.499871652254975
0.499203969892419
0.500016913934489
0.499759700242523
0.500237155461951
0.500091258690995
0.500924832727966
0.499997199586793
0.500641896280667
0.499579296513393
0.499610604682845
0.500282472647385
0.500406351033542
0.500387107986333
0.500064706454932
0.500512654154843
0.500016034136023
0.500723397708109
0.500672064140905
0.499449652713484
0.499989105259453
0.499646721427072
0.500259115461333
0.49992712401238
0.499900876113998
0.500123590167618
0.500309306614182
0.499443784250372
0.500278549185517
0.500205139002293
0.500647341748265
0.499831401718296
0.499703765175697
0.500215780640478
0.501301451022941
0.500179477983088
0.500128521381739
0.500083337481777
0.499674722468885
0.500319325637831
0.49987223357124
0.499095011456289
0.499905858479655
0.500299942758424
0.500435486149497
0.500160811608683
0.500177275148534
0.500481729841384
0.499946889409155
0.500353014301491
0.499879084885211
0.500328078505183
0.49975760988266
0.499965913843833
0.499211992750945
0.4993322412458
0.500075953915651
0.499709603327471
0.500147528122725
0.499114178582635
0.49988550680221
0.500189871353612
0.499625844811235
0.499399321840074
0.499805157845279
0.500163763109752
0.499752465420632
0.499773727960493
0.49962518038262
0.500298113117704
0.499361110330153
0.500192007206378
0.499359813486737
0.498618284544558
0.500836445461668
0.499849180726909
0.499513677258848
0.500426285101557
0.499369102066028
0.50022689702986
0.500269972427677
0.500907816010622
0.499607787635556
0.499744214753125
0.501032872178491
0.50074453554064
0.49954841690891
0.499966355099553
0.499559254314594
0.500148833769452
0.500630145432793
0.500051276921323
0.499967270211694
0.499800622150953
0.499830999591664
0.500342679969509
0.500273582650939
0.500079929922043
0.50010168515586
0.500077746137968
0.499468242781496
0.500590514883515
0.500250147658589
0.499885618537135
0.499400029329411
0.500177470081927
0.499481744750793
0.499713511729046
0.499589983116465
0.499997727391568
0.500165648587698
0.499970577229385
0.499154283331834
0.500289386147064
0.498921611959285
0.49959078779641
0.49995712672898
0.499970918539183
0.498925629483396
0.500445771227825
0.500272440012957
0.50050367012237
0.500383967778154
0.499714954604397
0.501049255142808
0.499209208597356
0.500269006060562
0.499559367236156
0.500525907503238
0.499693506126042
0.499038827220745
0.499656259605838
0.49974319653164
0.500545837535294
0.5005916645603
0.49967684281314
0.500117898127423
0.50041328680987
0.499903800483146
0.500430569702637
0.500566161705971
0.499210950354128
0.500325650171821
0.499709037345168
0.49946058706518
0.499972740871414
0.499528358141269
0.499785418419652
0.499917169153389
0.499498235399744
0.499825610538531
0.499709743696845
0.499628010799403
0.500631790925645
0.499942087133539
0.499950826593496
0.499931573459224
0.499658552787185
0.499948132787616
0.500403301011365
0.500416007132352
0.500953734092573
0.500220454646822
0.500200015852204
0.499070337786085
0.500589654622514
0.500976770212644
0.500641662855926
0.500002853090154
0.500174946892356
0.500233519917012
0.499544094034058
0.499653794437296
0.499683560930634
0.499503488415363
0.500297248997161
0.499918117618762
0.500600729935178
0.500853251106671
0.499339827302608
0.500539067185577
0.500198299517507
0.499783748231153
0.50051284421061
0.499348679433431
0.50010793389
0.499999980495782
0.499911937936198
0.500511954578125
0.499551574727545
0.500836765619922
0.499792146165258
0.500581104335827
0.499897346071858
0.501041199836235
0.499991960789789
0.499549466086256
0.499676970159733
0.499514984855942
0.500234313192836
0.500219031872817
0.499851240515066
0.5003066364282
0.500403149918388
0.501245216722105
0.50012141663432
0.500658133655553
0.500723004822395
0.49992667887962
0.499791946136151
0.500415502166203
0.500083799221194
0.499482562641036
0.50087806945922
0.500366149084066
0.499903377292614
0.500403662791075
0.499684489620896
0.499988419320417
0.499698508934875
0.499744375019425
0.499292180533685
0.500177504009158
0.499784245618926
0.499933261039406
0.49994693342887
0.500548740277725
0.499605642859188
0.499479191945514
0.500082180284143
0.499375784025543
0.499878263629851
0.499495177187535
0.499847906874285
0.500060967601114
0.499312703572293
0.499500472885879
0.499778542388354
0.500565779000173
0.500423186478304
0.499904684821873
0.500225317132295
0.49962963054355
0.499607907895615
0.500483789542994
0.500676265353737
0.499954293483968
0.500006824535073
0.499989509458803
0.499980313093973
0.500450267627165
0.50020943549175
0.500003511949377
0.500389567016174
0.500282145539126
0.500253308245954
0.499462912111402
0.501509562637414
0.499280844159747
0.500745109697359
0.501044205403615
0.499361319621202
0.49989270185057
0.499357530713925
0.499896398603407
0.50083821260563
0.500751630157222
0.499981878834963
0.499597803814949
0.49994907008311
0.500037385588919
0.499442285762981
0.500050763983718
0.501239799088341
0.499793158651682
0.499530201649717
0.500569247425853
0.500355019259417
0.500208928890861
0.499586804970298
0.499856761732493
0.498973003592182
0.499971805060145
0.499597686517068
0.500351363648616
0.499645733048608
0.500040682764928
0.500024746316471
0.499576567085694
0.499169003263319
0.499942222078106
0.500055654232607
0.500401605622509
0.499443917488173
0.500746925730086
0.500204667011661
0.499591466319591
0.500713465361277
0.498691180823703
0.499727956624405
0.499816497253098
0.50038961834294
0.500561089120922
0.500178112627345
0.499893229698899
0.499890057875355
0.500438076058782
0.500321818186466
0.500307069656156
0.500283184528452
0.49987614638097
0.500766304095632
0.500260992253983
0.50017310030188
0.500746074478525
0.499711122743188
0.50000871388299
0.500071684787085
0.500216275145547
0.49926426352456
0.500078395365752
0.500391348049504
0.500642521017718
0.500005345742994
0.500580841840386
0.500448689346611
0.499599257704246
0.500096708552095
0.499511956075725
0.500581659546439
0.498917189069694
0.499325011470951
0.500045448670755
0.500809884965891
0.499676182923702
0.501104819660976
0.49920929724291
0.499368401301593
0.500879949392951
0.500174508483663
0.500445712244796
0.500074141371868
0.49947114161642
0.50094665120296
0.499494116199237
0.500108234373026
0.500942938093262
0.500800369810407
0.500146348464773
0.500459248121996
0.498867494486158
0.500046251744329
0.500318805539387
0.500648149083016
0.499716876074327
0.500782584827418
0.499460517605274
0.500501683019666
0.499749101347673
0.500315151411159
0.499758637748455
0.500632367344519
0.500733814400016
0.499689137298401
0.499298934836968
0.500216704479449
0.501253576395658
0.50001706319542
0.499534780338677
0.499326478137691
0.501111461523655
0.500264834574798
0.499136083708141
0.500759245796408
0.499945557414695
0.500140818272568
0.499358194585362
0.499651271281591
0.500324045509866
0.499372269363266
0.499917294122442
0.500432205503846
0.499807034350106
0.49988343927669
0.499990258225034
0.500533427699142
0.500448909525809
0.499714206271907
0.49994253759598
0.499974933892006
0.499351363919296
0.500082211632666
0.500525191315558
0.500330892654677
0.50021304357864
0.500103584816007
0.49980905435372
0.501495358820116
0.499337607879125
0.499953904794925
0.49952263201991
0.498860138864712
0.50011607107666
0.499913346292104
0.500338771335097
0.499348134942886
0.500086325283752
0.500547155890346
0.499686894436552
0.499467713698175
0.500534790068304
0.499946070989825
0.499387905396445
0.499870615452076
0.499568975090098
0.500368906809912
0.500896918222956
0.49980327603089
0.500280618407793
0.499342431043606
0.499366785430558
0.499371532904337
0.500211990291851
0.500285527638455
0.500658182423996
0.499596333297596
0.499439645619986
0.500512954515419
0.499966463561321
0.499897048006326
0.49994533153924
0.500336515089779
0.499708019488337
0.500363470768518
0.499017311835784
0.499585919802209
0.500369885496537
0.499962822468382
0.499716957040683
0.500012259888844
0.500193928680314
0.50016944391243
0.500433311185197
0.499698334756065
0.49982176630165
0.500591602756255
0.499878371027047
0.499960071609685
0.499718781858742
0.500292760376862
0.49978049032817
0.499597284841633
0.500137823444797
0.500949101721917
0.500214606942686
0.499409120545522
0.500673721368707
0.499207771809215
0.499836794010197
0.499032005620581
0.500178143466465
0.499481791228108
0.500322734522216
0.499919395543944
0.499891586547642
0.49962585291415
0.500050152299284
0.500768151144401
0.499690668910233
0.499039992733142
0.500285648100818
0.500649289173902
0.500218780878964
0.499551546148176
0.499781885673344
0.50061512803336
0.500843020229054
0.499703350016627
0.499533790524266
0.500985481667214
0.500078146051748
0.50085354606866
0.499991733238869
0.500158465442043
0.500843498693111
0.499534336463175
0.499788635166965
0.499908497913658
0.499843102541224
0.499711903005851
0.500734909826656
0.49957014049182
0.499828804287298
0.499475660818045
0.499495526424402
0.500956171808394
0.499879602033423
0.501422535762004
0.499726940396742
0.501059794212586
0.499705744365657
0.500218400116484
0.499377367074403
0.500216855806303
0.50018792720015
0.499315034992736
0.499687516854404
0.499740118637268
0.501023739735112
0.499875273513122
0.499963706978018
0.500215918190355
0.500675297177636
0.499656616780085
0.499681202879193
0.500059939341904
0.500263234817455
0.500830831066632
0.500376750698444
0.500053420078852
0.499224031009688
0.500679786996916
0.499806225782834
0.500820879338943
0.500380608257731
0.499125685785528
0.50005104221931
0.499663003035081
0.500830225128458
0.498953954487549
0.500392760936955
0.500631954188115
0.498490907325702
0.500792284883111
0.49939436049795
0.499479716862613
0.500511666512755
0.499004631808404
0.500902536028384
0.500530657383266
0.499380292421318
0.500013651238347
0.500362791910426
0.500452294896187
0.500754662736533
0.500138424358073
0.499439358828829
0.500370223907196
0.499427392650584
0.499786593410719
0.500191100267179
0.499796586602161
0.500045240100586
0.499977415021091
0.500523955509587
0.500345495936792
0.50012896372532
0.499574531447539
0.49993322496738
0.500042509530994
0.49969148838563
0.500834475316834
0.50018989420302
0.500691420028763
0.500436898549644
0.500116529734168
0.50007077369885
0.499714538321568
0.499770912523984
0.500435200574892
0.500076976745366
0.500068136573785
0.499759976551687
0.498779963876662
0.49982151944369
0.499751960560271
0.500156335938921
0.500264458679557
0.500579846289195
0.499064323023061
0.500005968206974
0.49992279293613
0.500939900618517
0.501132889509019
0.499630161838276
0.500017265641283
0.499790763198899
0.50074301709203
0.500083959668615
0.499995632448103
0.499772809672518
0.49990283171651
0.500350066247402
0.499168527600256
0.499487075328444
0.49985046915386
0.50030853970204
0.499914067402707
0.501111701876257
0.500212683755149
0.499700928684004
0.4994658574824
0.500912313117142
0.499921726633515
0.499613285296375
0.499443668084131
0.500403428983809
0.498710223061822
0.500274774698755
0.500884801806878
0.500090980658537
0.50030059847888
0.500052635158467
0.500697238383859
0.500139863290178
0.499949843624064
0.500725723004547
0.499557203865691
0.500609034126472
0.499609181796223
0.500532649803947
0.499530941239558
0.500603073230169
0.500687085058417
0.500494142001282
0.499431461396086
0.499018729003629
0.499517506844439
0.499928699813339
0.500135294295696
0.499786440851958
0.500224450203015
0.50094097414871
0.500258822903661
0.49953396891103
0.499026945936623
0.499450802111832
0.499988860408018
0.500132080322391
0.499936510289592
0.500522066116394
0.499868794809218
0.500412321500469
0.499638086816306
0.499808646512306
0.500704310802181
0.500326813919428
0.499659049976701
0.50032470346158
0.49972104642432
0.499642770474717
0.49991116896307
0.500462921484514
0.500191627409364
0.500073742139543
0.498885659709906
0.500004055101564
0.499710809016744
0.4998064928752
0.499717477252286
0.500213477350277
0.499805241384735
0.500247951482604
0.499675963528346
0.500144678479713
0.500374170128492
0.4994902394255
0.500184467723743
0.499852600005175
0.500348325654717
0.500083311848655
0.500014766071133
0.49976832450737
0.499331194744459
0.500429475642174
0.499803702640506
0.499974760014451
0.499754888802052
0.499708777317901
0.499702303602799
0.500871095156721
0.499415437822185
0.499322319389676
0.500132850353669
0.500229318388403
0.499760940359043
0.499812311155074
0.499951102578115
0.499681462972234
0.499732363378144
0.499516740639128
0.499944636773265
0.500531725812789
0.500497139168251
0.500049064416851
0.500233094804328
0.500171253809062
0.499875902490549
0.500006518604176
0.50029924541493
0.499407939437649
0.499122222643349
0.499741347346019
0.49968147945179
0.499131655453318
0.499396047228879
0.49921138849287
0.500510718296324
0.499879021416744
0.499777993643103
0.500095940971557
0.499770237119608
0.500467463428938
0.500305115721516
0.499445940855549
0.499937989458443
0.499594163823326
0.500125838169525
0.499841406910931
0.500960046104191
0.499970400638768
0.499670306655544
0.499863841393077
0.499955369441327
0.500204206301598
0.500000236577795
0.499861987051965
0.498349253420014
0.499134883494337
0.499781409999828
0.500385337253269
0.500381757622577
0.499300846842805
0.499860694949715
0.500312972450505
0.499595974254093
0.499991782196068
0.499948132961405
0.500770514063305
0.499518271926486
0.499407671875289
0.500476558102724
0.500081302852027
0.499954422153572
0.49928330197172
0.500640251217636
0.499353254128314
0.49991802128383
0.499255431776357
0.499007461392565
0.498608967765806
0.499592924446785
0.49993855972355
0.500702180390136
0.50035478875418
0.499764434233754
0.500153531467526
0.500075541191901
0.498998303094887
0.500458193648115
0.500047186034096
0.500023907808501
0.50043318247622
0.500792500789794
0.499909312064286
0.499737765150159
0.499965890865197
0.499417842495732
0.499776228157032
0.499145721104396
0.500559200551363
0.500503302252693
0.499795374103575
0.499461065854224
0.500265825953503
0.499571267821141
0.50102009876979
0.499660148644187
0.500008724762704
0.499596189594059
0.499552252973356
0.50106663589968
0.500370946734446
0.499801942313664
0.499703923639584
0.50001282521245
0.49968215476542
0.499272385930793
0.49956964952839
0.499738080256143
0.500443168843311
0.500645499723831
0.500260590713132
0.500443862731322
0.500637189533016
0.49970848283969
0.500538794243335
0.500379317742803
0.500712693413286
0.500288667982345
0.500609033808547
0.500027837257572
0.500123391884227
0.50074171620614
0.50017548639598
0.500478205604883
0.499935339502524
0.500530212172245
0.499588829979207
0.500140282241488
0.500041554622106
0.500157905249393
0.499410222449972
0.500286136577316
0.500290697913538
0.500497767319646
0.499685021489818
0.500712929069602
0.500418373633359
0.499555934571047
0.499718904303812
0.500046937372138
0.50070807294821
0.500121072493998
0.500339866869152
0.499452679208713
0.499945412556049
0.500693099979825
0.499393935874647
0.499977030727934
0.49865471398281
0.499845888033642
0.500724437478398
0.499861493650387
0.499971240331542
0.499363796599152
0.500382748461147
0.500886795945396
0.500094786112719
0.49982392637362
0.499955219357044
0.499651124948381
0.499968072834319
0.499525730349535
0.499514047262221
0.499732672586421
0.500061881267252
0.500020823652389
0.500608967556176
0.499787624414331
0.500197317947462
0.500392508688507
0.50071319543442
0.499351325935083
0.500113214019753
0.500534974710792
0.49991296075909
0.499374463885803
0.4998850213265
0.500131316159905
0.500017839999999
0.501456695573798
0.499359634360475
0.499472005060871
0.500531645442574
0.50022733812817
0.500192168349742
0.499878901692433
0.49922746223213
0.499931057638457
0.499844964993719
0.500117248843595
0.4995776438651
0.499798863118489
0.500290735842501
0.499610704368335
0.499793900110288
0.498519565570163
0.499982616942624
0.500111767816141
0.500078045726965
0.500695872822872
0.499655985251553
0.500225258511587
0.50024299466155
0.499996810769833
0.499843374163227
0.500577657007183
0.499417558342355
0.499890932108013
0.500239395466913
0.499845091946044
0.500497826563555
0.499743826283034
0.500029926231979
0.500434949010135
0.498865775612008
0.500228466809274
0.499861426301645
0.499528434819349
0.499922330332205
0.500013085564049
0.500324577088189
0.500616255259289
0.499998065659251
0.500447322874542
0.499197379977152
0.500700789054574
0.499861873757307
0.499825557743468
0.500806848787533
0.499401983383768
0.499602960255739
0.500062507915268
0.49981923404512
0.499539502882443
0.500130158080303
0.499155654465744
0.499968428251677
0.500565661820106
0.50023837291732
0.499712013644546
0.499950543056457
0.500598542826346
0.499840677676729
0.500089439264169
0.499835455600705
0.49942196467467
0.498798544454333
0.500079783172883
0.499619152240148
0.499560517636136
0.500562781877154
0.499684061169588
0.50073857893313
0.499891623639991
0.499617217067504
0.50037926000939
0.500320356425899
0.499712970029105
0.500638929429968
0.499926099582581
0.500293420997071
0.500047612266476
0.499028237663266
0.499606663286716
0.49996052887855
0.499449108015492
0.499982953112926
0.499108644194344
0.499702074204291
0.500272782050128
0.499230727940286
0.499503998456151
0.499966088683288
0.500383209593444
0.499874756927957
0.50035578499887
0.499301773826249
0.499883378934108
0.499581869212412
0.499366661835318
0.500343752824732
0.499912969830197
0.498831802563392
0.500236623914279
0.499855275665285
0.499565538017085
0.500118164461288
0.500094935140636
0.499533865234636
0.499344196261718
0.500008553921433
0.498844884290904
0.499413651192679
0.500794217937128
0.500203408590402
0.499174877319497
0.499826931340618
0.500140645957101
0.500214993619187
0.498998903404655
0.499114445691583
0.500474378669159
0.500125002342172
0.499489246016049
0.500353609041106
0.501212027417058
0.500269937623732
0.500143464630033
0.499940439577065
0.500377505647265
0.501206304885297
0.499941616240272
0.500615076774763
0.500332990772169
0.50038806439323
0.500139620766245
0.500168435466867
0.500435301817749
0.5004917534477
0.499533941711611
0.49973188374776
0.499795056373002
0.499551798776375
0.499631812672361
0.50007815040951
0.500253937223699
0.500403520266467
0.499989844254656
0.500158845543318
0.500415662120166
0.500398634369075
0.500915959873498
0.499892892992103
0.499247795101137
0.500636694226083
0.499600716401394
0.500231614303152
0.500292875262837
0.500166947497261
0.499967095724896
0.499707635088391
0.499964540504754
0.500119191627045
0.500745524606466
0.499616515104044
0.500026770292132
0.50008789185463
0.499299246880876
0.499064388287995
0.499880287606601
0.499972908850297
0.500800582212116
0.500243239154462
0.501056348653997
0.500111051232373
0.499484935382793
0.500038688996569
0.500031324311374
0.499489402015918
0.500646799295807
0.499828264229676
0.499826021407534
0.500044163772436
0.500002980234106
0.500157463718828
0.499852275982809
0.499443126244592
0.500411678132081
0.499724538292769
0.500187663119009
0.500365402629148
0.500707487781783
0.49981352388455
0.500283822740917
0.499232553115236
0.500195034284628
0.499323080038106
0.499451407209268
0.50033049479682
0.499534321194739
0.499563694284432
0.50037859998736
0.500301617571435
0.499445132169203
0.50074165331532
0.499977812324286
0.498994078884217
0.500020732960674
0.500178486310826
0.499623161383526
0.499787408131088
0.500124088760953
0.50103470580651
0.500045479907476
0.499781459830441
0.499211767603411
0.499672422283128
0.500045034566249
0.499784812682654
0.500034752252486
0.500137926251361
0.499743944291647
0.500241315983802
0.499952052458983
0.499740781935049
0.500080574116287
0.500203844320988
0.499868464920165
0.499520322880857
0.500758865519504
0.499255048996389
0.50038119817265
0.500532429974247
0.500215469357983
0.49986133177699
0.500264271806273
0.501038821909209
0.500806517980264
0.499761225983969
0.500276970642745
0.500554327206547
0.500251058695178
0.499957341141799
0.500384819463211
0.499496751067404
0.49984837613966
0.500165475957001
0.499457023643115
0.500631196559751
0.500197272651422
0.499352735702188
0.499439047303207
0.499538089184443
0.49937881474186
0.501222086268003
0.499751801585405
0.500116582612869
0.501390828851633
0.50053967745503
0.500048357231768
0.499217077599267
0.500333744941506
0.499849659774517
0.499684817666371
0.499849478843455
0.500755658129073
0.499239112015121
0.500126315575265
0.500030853753838
0.500420920136204
0.50041336147146
0.500382106696699
0.500108449624199
0.500150065366743
0.500142003475451
0.500047321864309
0.498850233284027
0.500082551660925
0.499316799074628
0.500116375038838
0.500303306279205
0.500054452402642
0.500443836258194
0.500360113917112
0.500072825578552
0.500465589046477
0.500382778127091
0.500795387398472
0.499436105981341
