0.500408762052537
0.499775133625921
0.499681171583072
0.499721712153626
0.499900383832699
0.500139047977445
0.49987133515656
0.499770054427517
0.49953338751158
0.499457089616727
0.499576496516963
0.500130070389831
0.499469110033475
0.500005101832786
0.500120186033601
0.499679439002173
0.500117600983652
0.499781255129268
0.500580012076903
0.499496960555978
0.499967648681244
0.500354148901962
0.500634548617708
0.499680152329929
0.499741782716201
0.500100469571131
0.500064042603278
0.499325202416378
0.499274356264099
0.500644788196278
0.499623775515744
0.500572589658343
0.500322328792299
0.500742270552992
0.500154556897495
0.500300611993726
0.499656757330929
0.499852735976155
0.500062738784602
0.500519249975743
0.499399718014751
0.50067047304255
0.500038553410878
0.499309128994019
0.499712236359322
0.499637235959061
0.499265211763872
0.499399429062085
0.499593469719584
0.500104722884517
0.499700614363195
0.500488261546193
0.500282533564338
0.498965889969878
0.500143932568575
0.500607739115599
0.499412987526922
0.499885923303895
0.499533225723714
0.498898259963436
0.499817293301774
0.49929699039262
0.499995990106361
0.500803891275479
0.500234097328567
0.499166821654602
0.500129697137122
0.500615419392165
0.500117936652849
0.50012598869223
0.500095589842386
0.500338991673394
0.500745854225665
0.499949730232661
0.500280419478977
0.49998546899067
0.500361787819033
0.500550690663342
0.499663783390849
0.499895867248696
0.500454294811539
0.500007814409561
0.499658735179451
0.500311085160743
0.499284758041459
0.500072406288498
0.500135222656476
0.499474130729664
0.49964343489501
0.499299164454081
0.500376683643232
0.500251084656941
0.499616094251043
0.499428113617532
0.500236718577205
0.500482631566392
0.499701026255979
0.500688758944678
0.499390143201732
0.500909850885569
0.499990997626712
0.50065153580953
0.499078144683275
0.500525693007057
0.500453550399898
0.500094591650277
0.500468876930845
0.500138471181468
0.499126601456081
0.500367376896056
0.4996553198028
0.5008124143451
0.500523469534984
0.499772137292658
0.500109062178821
0.499272144054967
0.500101288136232
0.500719498916767
0.500418012786542
0.500552100206855
0.499090484558953
0.499672008990682
0.49987040589185
0.500249986888756
0.500336586671803
0.500035737259382
0.499989231042708
0.500571405935202
0.499851335964273
0.49977178467894
0.499676701341203
0.500157029091905
0.499989380846621
0.500498494984571
0.500704928474865
0.499825761660755
0.499949886613479
0.499571606235151
0.500790294312349
0.500670090679614
0.499453283392003
0.500576789134788
0.500391360669084
0.500569412785967
0.49973568345781
0.499426862611933
0.500282705354895
0.500737042074449
0.50015358906748
0.500352950254773
0.499603501860106
0.500068197002039
0.499485718247192
0.499978577136861
0.499579740480588
0.499942522976828
0.500762626784397
0.500280711586206
0.500199593499331
0.500483574005075
0.500429618892279
0.499639547825974
0.499218681051702
0.499675544056592
0.499942166045219
0.499765590833204
0.49928706710449
0.500234273967242
0.499939152632545
0.500032078382005
0.499964139132615
0.500373189106522
0.499923467284008
0.500073543255168
0.500711179290766
0.500621164311982
0.500342942364971
0.499415066451218
0.500378690057512
0.499275757853662
0.500280408963806
0.499983823634201
0.500700118729866
0.500369051262223
0.500626574383596
0.500339400690669
0.499812275148291
0.499943429020932
0.500408686554759
0.499606577921935
0.500073308939201
0.499561215567876
0.500111755927833
0.499764348416006
0.499633489586434
0.499633306738478
0.500101118765206
0.499146416593882
0.499478720436028
0.499005067467144
0.500071380413892
0.500455775390257
0.500382962692384
0.499451605218102
0.499822517125922
0.499784311928521
0.499684462102585
0.501021519029573
0.499384414854262
0.500468922651422
0.49945975044306
0.500448927451237
0.499990693318411
0.499676923854148
0.500360903476985
0.499066289347204
0.500196944638007
0.499741650763627
0.499845699161288
0.500106977974562
0.500095803107789
0.50010252433528
0.499756429061831
0.500800221410735
0.500428235845959
0.499575254808525
0.500096927267022
0.500393536141687
0.499741575362553
0.499453816083422
0.500433228452047
0.499113209198108
0.498954824335435
0.499840018156352
0.499692468045675
0.499855994127083
0.499984881999729
0.500197590780986
0.499904421995622
0.499671232502741
0.498961280106005
0.500188116642363
0.499509915112496
0.500691777282447
0.500186870340069
0.500333615367811
0.499819715731343
0.499965781224503
0.499671245582795
0.500616181410262
0.500323377613681
0.499591713192729
0.500049317683208
0.501159960689872
0.500509735087966
0.499669120098526
0.500774473549933
0.499268539982373
0.499744380129339
0.499899745449135
0.500408144337887
0.500006709659819
0.500006917531911
0.500512392009976
0.499530834761196
0.499526461311495
0.499952436914599
0.499118644155506
0.499819833016406
0.499451157542829
0.499414114234673
0.500144949239551
0.499800890377466
0.499053328446254
0.498952411328333
0.500183506467148
0.499702985515193
0.500080695602372
0.499455611002585
0.500180311506178
0.500117898840079
0.499480280041219
0.501088583458535
0.500591993885643
0.499670695879186
0.500769777620726
0.500708955163264
0.500618529230933
0.49984476490468
0.500069123687752
0.50063584772823
0.499761635397352
0.499667782315924
0.500847786268847
0.499553947168269
0.500161374111554
0.499404206966007
0.500619255502516
0.499706384887349
0.49988337900327
0.499736174363485
0.500289196159268
0.500213696613137
0.500309965946755
0.500707035269755
0.500575184323493
0.500852429561297
0.500127842816849
0.500443406005545
0.49897198199786
0.499493168247655
0.499321264384155
0.499871488048626
0.499997112094877
0.500521741058315
0.50037968683158
0.499910830908745
0.500428720906891
0.499759124021037
0.50052171316058
0.50059659812402
0.500469046763764
0.500275784814101
0.500643855202391
0.499701497345806
0.500424712417752
0.499719027390082
0.499942445643054
0.499623298155006
0.499554866895444
0.500905344216629
0.499639007707851
0.499486595322993
0.500004478931049
0.499513555648313
0.499929571507411
0.499868029866331
0.500344511979671
0.499598636348839
0.499425035475654
0.500000724286401
0.500621264694459
0.499485460007496
0.499706947842887
0.499988897904961
0.499892873119731
0.500397036636815
0.500090500995187
0.500562211763513
0.499666274799989
0.499667777571619
0.500220093734709
0.498980965417376
0.499195730259028
0.499793039241533
0.499694878559161
0.500497548506588
0.500135466929551
0.50062317849108
0.500183392198949
0.500610693347089
0.499968953338191
0.49980552828857
0.500726285712769
0.499971357819091
0.500747437340489
0.499860587450658
0.499567784778068
0.500244694300016
0.499846066975625
0.500706715111801
0.500104890607702
0.499724264882848
0.500208807341078
0.499599062178543
0.500424050265325
0.499799776897613
0.499913878919546
0.500758348977649
0.499989112904616
0.499771063697808
0.500306506212047
0.500465257926477
0.500887382740074
0.500244781648899
0.499152210383876
0.500403847104624
0.499874175178403
0.500355238722664
0.500991516780607
0.500308451830975
0.49991701409999
0.500106163311372
0.50003248940423
0.499345503219397
0.499627765025063
0.499973540468111
0.500624262310889
0.500196106970369
0.500150637396691
0.499676596839862
0.500093673827149
0.500177530785685
0.49979671005808
0.499581054405469
0.500836798170505
0.499967337376774
0.500148062843465
0.499984621561163
0.499956513194398
0.499675670655914
0.499694543819234
0.500085559269626
0.499534179636521
0.499501852329996
0.500415709898122
0.499170518849201
0.500091912550744
0.499818747969569
0.500132232426161
0.499798272164403
0.50034306213202
0.50044310680984
0.500232699033253
0.499570792414804
0.500075243355402
0.50098819328694
0.50052117515653
0.500830197831779
0.500096934045234
0.499777087440627
0.499157487183279
0.500359021319532
0.499507405089454
0.500412976337678
0.501028816378839
0.500598232537806
0.499760650417472
0.499506298623133
0.500742961000394
0.49958052776244
0.500812569877987
0.500241799942765
0.500739874677816
0.499741938373746
0.499143728014641
0.500329957667892
0.499815434538658
0.499750122658671
0.500030035712093
0.499792322008756
0.499478039761788
0.499817428471349
0.499624535644596
0.500750476439521
0.499557416624953
0.500307830706516
0.500219781884737
0.499849070148417
0.499173351837488
0.499359682955952
0.499925076209365
0.500327175183301
0.500296662619467
0.500077347138618
0.499992716262105
0.500147078830893
0.500521861120508
0.500178852310215
0.499342470122089
0.500520054430163
0.50068100352269
0.500738713390842
0.500966380751041
0.500910676761196
0.5004687934345
0.50046306166128
0.500783647059729
0.499879922957898
0.499666962521543
0.5003951944737
0.500056293005769
0.500109572779313
0.499972944785379
0.499625574688195
0.499435006424639
0.50092911075319
0.499973136207047
0.500281657240277
0.500071224716251
0.50032329692763
0.499997941829061
0.500168038072277
0.49994002227297
0.500218899448756
0.500593654949346
0.500450751512813
0.50013003553168
0.499759447846752
0.499539277951656
0.500265486432304
0.499766148205907
0.500414656771259
0.499552032158251
0.500943887602461
0.500400611646471
0.500075214910386
0.499235776944858
0.499526114597499
0.499984632621929
0.499857122685676
0.500185205334073
0.499036514204344
0.500931231792544
0.49955603127354
0.500123017777102
0.499747349779191
0.499910378475391
0.499783161135189
0.499841500368066
0.500806287964291
0.50022204504132
0.500298703296036
0.500267811858975
0.499782183328714
0.49975095759138
0.50060531216102
0.499962038530868
0.500326390034357
0.499761110841634
0.500344228769535
0.501122545579891
0.499357847035814
0.500196158676363
0.500249959396364
0.500021073301612
0.500298168830445
0.500978808993942
0.498997879364986
0.500284745694758
0.500818023186992
0.499705321784246
0.500313618340786
0.49936426004785
0.500576139951116
0.501042789115023
0.499923958501247
0.499406503071595
0.500114643467543
0.499388749562263
0.50017188816153
0.499447066261017
0.500354226857386
0.499934098976658
0.499940118044257
0.500356417898257
0.499779405533711
0.49988043480077
0.500113126902174
0.500121601201349
0.500224024913857
0.499087984890158
0.499471347378981
0.499769515058219
0.500433187662526
0.50078864994412
0.499869364880216
0.499281196890209
0.500986332724498
0.499746900511739
0.499717675149209
0.5001957252532
0.500497377250242
0.499511106662357
0.499986634682531
0.50001157617788
0.501053458758692
0.499989010725138
0.500348955136649
0.499713146466469
0.500390440597435
0.499471975834202
0.49967131728773
0.500594654246627
0.500455896508985
0.499785855252331
0.500572988173826
0.499537366270045
0.498734383113755
0.499026137099364
0.500330177305281
0.500593485367435
0.500136826587766
0.499303891590421
0.500739901931722
0.499337631597328
0.500336037422205
0.499795128057863
0.500813384994324
0.500686043427696
0.49981466556405
0.500218432182405
0.499995899782277
0.500669770450776
0.500586118038444
0.500225904972106
0.499597280954515
0.500005332115351
0.498959411359827
0.500327055432888
0.499907150547773
0.499462940168788
0.499686819821566
0.49881843101629
0.499763864320388
0.500144905236692
0.499943359810496
0.499717634821354
0.499521103048072
0.500773774150568
0.49944485081091
0.50089130802115
0.49994702750609
0.500382379066363
0.499627053873348
0.499678552069411
0.499546760727908
0.499445922949595
0.499406247488392
0.499486069311406
0.500205482687171
0.500079180729001
0.500501357922688
0.49987151566873
0.500384260600278
0.499223622637668
0.499592197365379
0.49998916743559
0.49923913651645
0.500177959518011
0.499214510148237
0.500021368981741
0.499770510955349
0.499698705228585
0.499663118193463
0.500841727409463
0.500286445755178
0.500555015564424
0.499652541406587
0.499995615520102
0.500357835805725
0.500058026414642
0.499772306044825
0.50075567558492
0.500716130806552
0.499842021949855
0.500607738781984
0.499352481489835
0.4995290581333
0.500708694003641
0.499726844187898
0.499654583921592
0.499569305473734
0.500024195387772
0.500143137106104
0.499343278425409
0.500184172386971
0.499847916580265
0.5005702576569
0.498770386429446
0.500328580591393
0.499959773297787
0.499450143827054
0.500870707442474
0.499574108071071
0.499152490247873
0.499312510584974
0.498982952888619
0.50094648261668
0.500066467715384
0.49995019543183
0.500405896183692
0.498798697219705
0.500493935432536
0.499782104558668
0.50078392715549
0.5012326141476
0.50058360955126
0.500772853082512
0.499457371193501
0.50078515152116
0.500040933907356
0.500592753633958
0.500209959706876
0.499676321897576
0.500265824060437
0.500820441738676
0.49965821477592
0.499447490853612
0.500375131938912
0.499628954144431
0.499852788384719
0.50030959862906
0.499455766968441
0.500406198775141
0.500851273418145
0.500632605520489
0.500099421319706
0.50011934665781
0.49995623787469
0.49981469676239
0.499841574393054
0.500764584582127
0.500100996418605
0.500198342822497
0.499377774539232
0.500178154752213
0.500130972047143
0.499997867220271
0.499174963785115
0.499832577118224
0.499510308449502
0.500893942702977
0.500290510973857
0.499467343163975
0.500089585310328
0.49951488799816
0.500358830410347
0.499065805133621
0.500053973168531
0.499499134841747
0.499965274475416
0.499070839184529
0.500563706494728
0.500028929894988
0.500101552606275
0.499661471289567
0.500298675634235
0.499432918802165
0.499764228295053
0.49980820923713
0.499907977492592
0.499430478888536
0.499522390461538
0.500299567670348
0.500972650201489
0.499921283440784
0.49991696819759
0.500440993375282
0.499990485002157
0.499513475117026
0.500706859609555
0.500195805572413
0.499571418992783
0.500182068729136
0.499876504710212
0.50013338819424
0.50039577943297
0.499719707430416
0.499140734388088
0.499538019590359
0.499835471750167
0.500090285216817
0.50005093902999
0.49921024282005
0.499894997867736
0.50065143995226
0.500277750085598
0.500352550569817
0.500312751267968
0.50016963723686
0.499683089438736
0.499985454926167
0.499560406129229
0.499783232959081
0.500386233695244
0.499595266180369
0.500392915053645
0.500246148300492
0.500057862390531
0.50031927898968
0.500097763781094
0.500091496423316
0.500266555295904
0.500777573546456
0.500009115135457
0.501059618625571
0.500036871354304
0.500586609335332
0.500639149455556
0.500539526151917
0.500266852678332
0.501087349719234
0.499461067290665
0.49962740722163
0.499958518883731
0.500186591851799
0.500620717987645
0.49960591284279
0.500425680735237
0.499428449749597
0.499581758623403
0.499858811273465
0.499295816108485
0.499852598263266
0.499496232419491
0.500075163981005
0.499215195894109
0.50039207103852
0.499718195257252
0.499727964953742
0.50022064810975
0.499641905861342
0.499571080207639
0.500295639852921
0.500296643905241
0.500145137954936
0.500108646508714
0.499907273773761
0.499366126482117
0.499915360707142
0.500222367681535
0.499107834302001
0.49994643632385
0.50004893573207
0.499764645760851
0.500486035507642
0.499630463368821
0.500100849264054
0.500624692538395
0.499536539511388
0.500223201700983
0.500725336522408
0.50088025617678
0.49967562382573
0.500617627765141
0.499312888746834
0.500906622754286
0.50097708698096
0.500309548192101
0.499741004760549
0.499652454388348
0.499792292232288
0.500072364307635
0.499365454455092
0.500145511975155
0.49950883504811
0.500169832121876
0.499676720119912
0.499441843272678
0.500433612744675
0.499492493226627
0.500731030355792
0.500191441139035
0.500704383925859
0.500668778366313
0.500129491044966
0.500693943382016
0.50036300682672
0.49965097483967
0.500217288001358
0.498552747830883
0.500501982844089
0.500563456655322
0.500110812715856
0.500561902287301
0.50035167566483
0.499743149510115
0.500265621249787
0.499600256347053
0.49978141546476
0.49986774237372
0.500708632339324
0.49913969273441
0.50048187933112
0.499877008558356
0.500458724510119
0.498771322655293
0.499023918184707
0.499255509570473
0.499477451664904
0.50099332148424
0.49974508511443
0.499316338167437
0.499402062704579
0.500132536151016
0.499258667516326
0.499844069372923
0.500277379447365
0.500485822563678
0.499732326005042
0.499927998626036
0.499938352799776
0.500601914324243
0.499861349741131
0.500748687129542
0.500284177415356
0.499715376036923
0.499697170237414
0.500728197666405
0.500770874180853
0.499769316399864
0.499397501564843
0.500781934177096
0.499924892156501
0.50060346245857
0.500308995381507
0.50035645005959
0.500220261490032
0.498994088692209
0.499891493791231
0.499451488726622
0.499697382250605
0.500742479688139
0.500662073630687
0.500358274405751
0.499608312169556
0.500261378749507
0.500888413555135
0.50021142470978
0.498849139985522
0.499889989230817
0.499643097706856
0.499230649278448
0.499574987072899
0.499428357346518
0.499675235004883
0.499556083543747
0.499871502771819
0.500468431166749
0.500221970135807
0.500121900726002
0.500348034158905
0.499494917736256
0.500134248151452
0.499459902481433
0.500439569218034
0.500139806249146
0.499213813305041
0.499452812631796
0.499904268329262
0.500520917809794
0.499687848804235
0.499959133229668
0.499781868636087
0.499616110147228
0.500067318304404
0.501104959293038
0.500149719480049
0.501161080946192
0.499688298676867
0.500048250964116
0.499961757071738
0.50074508808337
0.500109580691686
0.499678910431555
0.49960386993821
0.500233578217011
0.50001027530467
0.499667553104658
0.499392264425391
0.500738869473528
0.498927104312425
0.50001835788402
0.499942969118227
0.501092533762611
0.500278318352573
0.499296224005865
0.500646757657052
0.50057675893814
0.500260617201761
0.500314188488608
0.500022256111313
0.500003308208225
0.500176470232674
0.498895251030772
0.499299860287601
0.50076009479628
0.499726762894532
0.499719511732518
0.499548009260963
0.50029416404889
0.499768765052709
0.499613028550283
0.5009272953987
0.4998298906368
0.499566419696162
0.499967306891682
0.50040380390229
0.499901732972531
0.499704905838372
0.500172929891801
0.500059316640909
0.500178074158946
0.499715181829414
0.499326285065956
0.499633880675888
0.500349322655088
0.500673122262878
0.499980877040879
0.500160713651622
0.500203490517311
0.499333725692775
0.499359671687435
0.500364900945273
0.500038128928837
0.500170528235369
0.500456589959253
0.500219038910118
0.499878025918544
0.499203098756644
0.49961075555179
0.500462276903129
0.499873279226291
0.500168958420539
0.499285784444609
0.500259476689176
0.499855339583844
0.499959543797723
0.500856630550854
0.499325228744111
0.500924156726171
0.500297701551759
0.500815293626885
0.500158516997556
0.500178289791912
0.499861638302583
0.499910240499724
0.500788407098194
0.499764645760851
0.500559229216985
0.499876712296784
0.498983759492468
0.500440954866528
0.499758802401331
0.499960763594189
0.499311116112926
0.499526862800828
0.49925180250926
0.500558695606665
0.500166738216272
0.500748416425497
0.49925600373406
0.500776868146823
0.499858915220958
0.500444091527972
0.499391354256273
0.500095557444819
0.500228802834631
0.499900436330391
0.49959533946862
0.500409096306812
0.500510298070889
0.500197266605502
0.500659668511269
0.500562035508325
0.500983846047913
0.500299810543861
0.499453949351843
0.500295531445718
0.498872144724932
0.500175820564943
0.499679129878151
0.501073334188557
0.500608592477534
0.499967077227146
0.500409124135964
0.499341893834512
0.500505343429134
0.499424096285976
0.500555205797708
0.500052324867179
0.500203581421524
0.4996523030419
0.500074355065131
0.499821722118152
0.500633090788995
0.50000013747179
0.500608263527509
0.499370750588041
0.500324419604039
0.500180922459136
0.49966497112633
0.50040137305535
0.499183581283243
0.498918669330338
0.500328376703272
0.500909294880002
0.499290413599505
0.499809530533145
0.499840497383756
0.500026346377172
0.499153546305742
0.499123699520796
0.500298108960777
0.499426612181765
0.499875031772287
0.500635105485739
0.50045362759851
0.500053594292261
0.500657218624087
0.50064533927824
0.501180021514509
0.499357430469669
0.500197063002892
0.499728632063954
0.500504820233036
0.500196159552869
0.499907743726047
0.500281382557612
0.500477836413104
0.499479087653387
0.499514554133426
0.499126150521406
0.500602541557647
0.499660680280389
0.498587750750132
0.500401757503644
0.499616439692943
0.499756862448211
0.499392522223086
0.499616531012108
0.501125076230583
0.499597935306736
0.499565475666561
0.500332287548257
0.499662027628272
0.499608871627709
0.499968102277918
0.499989007463003
0.500431842816247
0.500238231526674
0.500350549517836
0.499901946541986
0.499851265241164
0.500605150575114
0.500888369621277
0.50060150051882
0.499562979584662
0.499707998773493
0.499600721792798
0.49893222597137
0.500006200341578
0.499751055751232
0.499806916976481
0.500443544824598
0.500248764959404
0.501494103385641
0.499941894498162
0.500660368641856
0.500305880456546
0.499900791587709
0.500472389134857
0.500027645499218
0.500778577116365
0.499890235281113
0.499473028980379
0.500781431289148
0.500188492191647
0.49977819328055
0.49950682298903
0.500134212547752
0.499848897311251
0.498678079790952
0.499516580558665
0.500030059056472
0.500734072645345
0.498643328635717
0.500634195525144
0.4999978194237
0.500009148549445
0.499770546822199
0.500748182126114
0.499159560303598
0.500141625711471
0.500376865845735
0.50051831065598
0.500907273154108
0.50017970977848
0.500541123847662
0.500411196049089
0.498991474111734
0.500243006776993
0.500666730706491
0.499901883938511
0.499250769880319
0.499152514176533
0.500225820278373
0.500418293200621
0.500730016590612
0.500191436490917
0.500116194570677
0.499830596425492
0.49961802874253
0.50099800922094
0.500027078971289
0.49923222359861
0.499715424443631
0.500173906608743
0.500050369761423
0.500600171506456
0.499809100058485
0.500214601328708
0.500205934937055
0.49988871731462
0.499867540093464
0.500392009523271
0.499378484243021
0.499835612694092
0.500481236407105
0.499856483769614
0.500271221716954
0.500388719375456
0.499521431544729
0.499975158195748
0.499774490570768
0.500221022332288
0.499556665226522
0.499872072479815
0.500121062490692
0.499763597378415
0.50059928787103
0.500159061608272
0.499592214137113
0.499998757417172
0.499496492053279
0.500250440208116
0.499990749181517
0.500228747667293
0.500443892661489
0.499817829854374
0.500742769559801
0.500629461531618
0.499553280377036
0.500032737428103
0.499575153370987
0.500751958808899
0.499799824168563
0.50003357945698
0.499628538095521
0.500872732655678
0.499976153194705
0.500406394906567
0.500179037676594
0.499268240290257
0.499988450756842
0.500993497382258
0.499548340970284
0.499825179379605
0.500686079895863
0.498854385300334
0.499346947356939
0.500091774803578
0.499914109986814
0.499770742129635
0.499936510211075
0.499512041285743
0.499590381367957
0.500265570208746
0.500245632286712
0.499574240831786
0.50005638524667
0.499899676906272
0.499202798834995
0.499647997114803
0.50071450983107
0.500270584312442
0.499909459352296
0.500838434175146
0.499767880054608
0.499478023965572
0.500490716518837
0.499801482555813
0.499626074300397
0.499084589628253
0.500181411258069
0.500663687843693
0.499947462635467
0.500076655704109
0.500219854366279
0.500036839058885
0.499456499386824
0.50008196007329
0.500252266902185
0.499764557423534
0.499884673988359
0.499692462240767
0.500170849042821
0.500171639447274
0.500181012706504
0.500387532314617
0.499252177559606
0.499867455749178
0.498813577607823
0.499429822641551
0.500165654589026
0.500181507992903
0.500038285666977
0.49982329111074
0.499859224229838
0.50046574762941
0.499652381635346
0.499302879071926
0.500367517414219
0.499931237064623
0.499770163054876
0.500296911911318
0.49973620944771
0.499819458595865
0.499723179145829
0.500187873364751
0.500528598704157
0.499629054076505
0.499642990736263
0.499867667215691
0.500451248940057
0.500626452820939
0.501106627655843
0.499834801929075
0.49914314032118
0.499217911018816
0.499168896667809
0.499950205090299
0.499558563231442
0.500475486337875
0.499882228940617
0.499354203153254
0.499433422013404
0.500720557237193
0.500009589106741
0.500233384413802
0.499776857214518
0.500340002131391
0.499508121768056
0.500173080264439
0.499899668776149
0.499885759616606
0.499773695316474
0.498993988515382
0.49968996799181
0.499605621115549
0.500633028066567
0.500013462695412
0.500325909271382
0.500430258065961
0.500129535059509
0.500473224900498
0.49998125658286
0.499978836314087
0.500468358793822
0.500152133046548
0.49995539245927
0.500627415794381
0.499121397258559
0.500811950177274
0.499877986921709
0.499933288394765
0.499463760721502
0.500174290044095
0.499831320220581
0.50032429052142
0.499659646746906
0.499258563417602
0.501150109020846
0.500442058009333
0.500679557298918
0.499923439332336
0.500659201997094
0.499550309646648
0.499685189346816
0.499994010090614
0.499689098810848
0.499542778512025
0.500612554564956
0.499690160314903
0.500407495359829
0.499651238681252
0.501524491317856
0.500573627215887
0.500022211136488
0.499912471034264
0.499537382442455
0.500294345801265
0.500523897119367
0.499793501683577
0.499896310451429
0.500024127931046
0.499596246881839
0.498887275194668
0.499974707027196
0.500119266825107
0.50002560130226
0.499781474157999
0.500744363083119
0.49997629348645
0.499040783431389
0.500685474357687
0.498929556676538
0.500428420029108
0.500364897274668
0.500363898959604
0.500566213325693
0.499743035442451
0.500120030617255
0.500885380391197
0.499737632463172
0.500249447420901
0.499656326658886
0.499578936064826
0.4998491263558
0.499186283175362
0.500055662928133
0.499487045889815
0.500037091075422
0.500675157367662
0.500492619665632
0.50071487327896
0.500590378305423
0.500288209360167
0.499446144448555
0.499321276067956
0.500118864596415
0.499812076788755
0.501051648891632
0.499689281420242
0.499536193856301
0.499379122270022
0.499577311348782
0.500406380994819
0.500774809317039
0.500106225554581
0.499513565987312
0.500027507986405
0.499889447738706
0.500188305978015
0.499379442496484
0.499414584804807
0.500024457782026
0.499335258339544
0.499847676778816
0.499452999482956
0.500877893579903
0.499484814258245
0.49939397136491
0.499872339623079
0.50003000789644
0.501065316673307
0.500317031803539
0.499554450051216
0.499934058986151
0.500403458002389
0.50021469198353
0.499493511216842
0.500174779757856
0.498995107076072
0.500004825220476
0.499679162066496
0.49941112240081
0.499923691430468
0.499926027148743
0.500056853939665
0.500604090024015
0.499392496250823
0.499892736775663
0.498663210382502
0.500132972096774
0.499538710808636
0.499979812047543
0.500007547833411
0.499523650060216
0.499670209671462
0.499124318916712
0.500326951179558
0.499238621595441
0.500270043451412
0.500305266180147
0.500425772421245
0.499748765804084
0.500574623660232
0.500743888544968
0.500700444018018
0.500680628443577
0.499411063258862
0.499876967346446
0.49973148184937
0.500459714501563
0.501077902109436
0.499955331390779
0.500252946421244
0.499894432922363
0.500647594532456
0.500099566443705
0.500068875218408
0.500314070993752
0.499732258864164
0.500514927248903
0.500094698536398
0.500107705869353
0.50013634289053
0.499839533923934
0.499981501466771
0.500980259962587
0.499947995265295
0.500633558385262
0.499796218929045
0.500454410792933
0.500280790750199
0.500498531350036
0.499815409891643
0.499516391571058
0.500067383058384
0.500139590054457
0.500025398608997
0.500170322969519
0.499971134982956
0.499884554188213
0.499585132654442
0.500234171942232
0.499671864565201
0.500392914569919
0.499978318641854
0.499786351120695
0.500262659490857
0.499550049502642
0.5006615651788
0.499459354300722
0.4990024138097
0.500416728353099
0.500476272540365
0.499964360530468
0.499373290949664
0.499953501737352
0.498963293650413
0.50015897699439
0.500202687621189
0.500403332899374
0.500094955310998
0.500534117701236
0.499629507191975
0.500578321254184
0.500101972067475
0.499639158102576
0.49930402796246
0.498952395512769
0.499872162202367
0.500335929679197
0.499338160472753
0.499448400217947
0.500019625969111
0.499707327748367
0.499810787761619
0.500191472515455
0.501140099702121
0.500438002792346
0.501016687387576
0.499675386427269
0.500858211719717
0.500177718473668
0.500488566167677
0.500053274583244
0.499978688315766
0.49969681449365
0.500122988177224
0.500450021536683
0.499570310330012
0.499932880676421
0.500567061334002
0.499990082463265
0.500521707671686
0.500269892396257
0.499361391149817
0.500028735605113
0.49883477511768
0.499437731321986
0.499912896746347
0.500630081978992
0.499809913726147
0.499141333928007
0.49919319813095
0.499749643447221
0.50035276361298
0.500085717478071
0.499917297150803
0.499981073754922
0.500038622638824
0.500658557422404
0.499654673712476
0.499409898107257
0.499697943071195
0.500169062727966
0.49992025540223
0.499779968463263
0.49996755678023
0.500279698919661
0.499782162284302
0.499480711579455
0.49993112720051
0.50048979103506
0.499562263978505
0.500385674064676
0.500182873654754
0.50017754331978
0.500028708780609
0.500169071113968
0.498617270053666
0.50016767458628
0.499564001564686
0.500033103280369
0.500430288875519
0.499747098944129
0.500002927817498
0.500693530542765
0.499578230876899
0.499016923721761
0.500105064863545
0.499145157324453
0.499867627241296
0.499866642668135
0.499916153303405
0.500448180578568
0.500063419896647
0.4999922673681
0.499933947920112
0.499998962164939
0.500105841742861
0.500055353992556
0.500067223327378
0.500075844060444
0.500265717075924
0.501132984977979
0.499519153568783
0.499005345917591
0.499808944274734
0.500128742241725
0.500340793607968
0.498484583479969
0.50009225166561
0.499901910373917
0.498852730258517
0.500399580812212
0.500319411577631
0.499852400038454
0.499952110290319
0.499771600641978
0.500874812633144
0.499724497022715
0.500025527119298
0.499557877479439
0.499516940833787
0.500433182034826
0.500222259742318
0.499757621796991
0.500687766649843
0.499614400845227
0.500140608444657
0.500236567973147
0.500002730185085
0.500091256382697
0.499701153375006
0.500138135711517
0.499709637242502
0.501222611466923
0.499772150418727
0.499331002523697
0.500122043368478
0.50032021805216
0.500701305124946
0.499859520594353
0.499670485864586
0.499774959977234
0.49974766162081
0.500395387160626
0.500196020854793
0.500200118712752
0.500442978528563
0.500164333157925
0.500219211016862
0.4996365901707
0.500415024269093
0.499954147297652
0.499793797095968
0.500251139957016
0.500144076668185
0.500268064003555
0.499695730601362
0.499677322180679
0.49999041607726
0.499942904486816
0.499765666722589
0.500814491460564
0.500213852558296
0.49978023638121
0.500849565380025
0.499435951304643
0.500714163967306
0.500049669993832
0.499702823865292
0.500022606871414
0.500334698220798
0.500073537520252
0.500569381219342
0.499964249224906
0.499772906157243
0.499881570855805
0.499723229396275
0.500159055997972
0.500050479978252
0.50004188038611
0.49951529557945
0.499470137002007
0.49961955586186
0.500165987335063
0.499731583492861
0.499531997734743
0.500179598923217
0.499701475958599
0.499807156340287
0.499994054296709
0.500642927127936
0.499897338592108
0.499256333629285
0.500757062844443
0.500449960716196
0.499862073228137
0.499572955498395
0.500162610463718
0.499621277124835
0.500154209856709
0.49886452581732
0.499830614672485
0.50010518003061
0.499300455855386
0.49994558601289
0.500059615622307
0.499892666640933
0.499655319644124
0.500218740318076
0.499953237704173
0.500152181954386
0.500849867842171
0.499941582799007
0.499164574176028
0.500181086249398
0.500339271262384
0.499635431076008
0.499446724865722
0.500236824703774
0.499116157479457
0.500012465086228
0.500195041914886
0.499744423535521
0.499489746159752
0.49942511964698
0.499431256440298
0.500501398372234
0.499852759317036
0.499853110308215
0.49965380930197
0.499614596656049
0.499817044068927
0.499429479011215
0.499579409650896
0.499760487787632
0.500775496703177
0.499728092454349
0.500252352459293
0.499867185160271
0.499794773537081
0.499659667563602
0.500337584341657
0.49959460393514
0.499853245857737
0.49959354063567
0.499658501781195
0.499339775517052
0.500014776357483
0.499890364125827
0.500663372624187
0.499244118409649
0.500817336406841
0.500701922682174
0.500227596554563
0.500257472041692
0.49913086923013
0.499491169601472
0.499803294183852
0.499991621808492
0.499373112939989
0.500473962670005
0.499846405578778
0.499981407075865
0.501460619361093
0.50058921511538
0.499729795071837
0.500429139032544
0.499203225291941
0.499679514572866
0.499526437727531
0.499810126170979
0.499720465803961
0.499172333100364
0.50013426368463
0.500230835730362
0.500431682022512
0.49936328969172
0.500350945913291
0.500014865232705
0.49910746123393
0.500095314845745
0.500236000459227
0.500599651643463
0.50023168172339
0.499681242627136
0.499974967649526
0.500916543226068
0.499718532419285
0.500243771608157
0.499745358055013
0.500328382805028
0.49992312626455
0.50025668601009
0.500424009629867
0.500318346436942
0.498964318522491
0.500462778705961
0.500386012066654
0.49989542940983
0.499863263110637
0.499247377938244
0.49994265470047
0.500534763448545
0.500501967737575
0.500271608756896
0.500723644499102
0.500214498934068
0.500266438759886
0.50104449221169
0.499764715271148
0.500502010083373
0.501473589651812
0.49909265194926
0.500601684249223
0.499541563587399
0.50013447471241
0.500301750573265
0.500863274328807
0.500564015246959
0.499418390543147
0.49996113467693
0.499620060981635
0.499398649100714
0.50089009643693
0.50072982431003
0.499402482365842
0.49997748415467
0.499899258514308
0.500512691749418
0.500134090534649
0.500036719876204
0.499787523862581
0.500304190465189
0.500015164891959
0.50127183630591
0.500436569038461
0.499154596762066
0.499418180590587
0.500132703259717
0.499749192396215
0.500155125552577
0.499360368302052
0.500104426138318
0.499471595439833
0.500072615631782
0.500472275806717
0.50030132051589
0.499891612100569
0.499303980827959
0.500678584835554
0.500891605772065
0.500735833013798
0.500291103554237
0.500130096732028
0.500424712718603
0.500009304520302
0.49975047299053
0.50017520589269
0.500160327717283
0.500072360931844
0.49984545998071
0.500485496363823
0.500450821151235
0.501165056831714
0.499838336751486
0.500079407554265
0.500844698334741
0.499320000367202
0.499796621289534
0.50017553631048
0.500933093977788
0.50058105145656
0.500050890067025
0.500415655730114
0.500084016234576
0.499719163843368
0.500320657704266
0.498959736614335
0.500179961073061
0.499680466589322
0.499590644678878
0.500598261321991
0.50011663613753
0.499821386529654
0.499429082434283
0.499102193950202
0.50010728150455
0.499482859187362
0.499979032492412
0.499567557168528
0.500531418741259
0.499780973327611
0.499523006666545
0.500177831332671
0.500117093065909
0.499430023695082
0.499487119419004
0.499814350543424
0.499814035585835
0.500500054476023
0.499984569872706
0.50131297314717
0.499973653704085
0.500225471887672
0.499553068533523
0.499452046894341
0.500193080145648
0.499759127607841
0.500555286458963
0.500009589103435
0.499476131722121
0.499096599320521
0.500345097901484
0.499980757057957
0.500664491057125
0.501759193942593
0.499714781262726
0.499612091956782
0.500764061205572
0.50005699550681
0.499671956847394
0.499660896667342
0.500521697638007
0.500164254815355
0.499909793972974
0.500379487766054
0.500074039850487
0.499739104538976
0.499114442035201
0.50001247570981
0.499842908246906
0.499705897030647
0.500067710511667
0.500230380668444
0.500350426714456
0.500121892509369
0.500139022275904
0.499812229027032
0.50052511225549
0.50015521611296
0.49941546279009
0.499136948320753
0.500140580755886
0.500029547314069
0.499984524754285
0.500013465642543
0.498822188401304
0.500180627034696
0.499830329109722
0.500257269629296
0.499170505853586
0.500269415124843
0.500041546066414
0.499609758955054
0.499757146219904
0.500490261837161
0.499904176878471
0.500325029226532
0.501011475801616
0.499109585627098
0.499407012679904
0.500225613727168
0.499429587082601
0.500144884965589
0.499575914322109
0.500001650799508
0.499312194292368
0.499456569954021
0.501190084232372
0.499753787990596
0.500314986648715
0.500684340511261
0.500709381889139
0.499652348605307
0.499923798886268
0.500280821729285
0.499466558593101
0.499805113541021
0.500246538897833
0.499265883211261
0.499831495494266
0.500352479458189
0.500140133050608
0.500174210668424
0.500294307107535
0.500552492237284
0.499319710279391
0.499654278323091
0.500243021617864
0.500167227514054
0.500123149856323
0.500759622318996
0.49944320369633
0.499738785660376
0.499957261153007
0.500627596085858
0.5004237220595
0.499722454509268
0.499319191968721
0.50024292635242
0.501213414247512
0.500775166700137
0.499757507114128
0.499098077123943
0.499986600391018
0.49985441635875
0.499602320411905
0.499507771846217
0.500019749015869
0.500084902206212
0.49999780211041
0.50004367004631
0.500790164979623
0.499857609079787
0.499450193776341
0.501231040485983
0.500034310520201
0.5000115207968
0.499973909683832
0.499283079568829
0.499230366366352
0.500632084833539
0.499760577597041
0.499423492313574
0.499813757665474
0.4999430132195
0.500398780978253
0.499721653731375
0.500177067498907
0.49908179858561
0.499322439945963
0.499361544637293
0.500722612001384
0.49916381947266
0.499347708629149
0.500217561945263
0.500078560102229
0.500352515686135
0.499955666513544
0.499688720588359
0.500944597247025
0.499666800495101
0.500390645394932
0.500410772566476
0.500394402232735
0.500528461813092
0.499126720407576
0.500049010746385
0.500385326782889
0.500094003287712
0.500495430115355
0.499796773196741
0.50012549512029
0.499422675002446
0.500385033567704
0.500045659805137
0.500125038538914
0.499792847160143
0.500449842676954
0.499794044448781
0.500837500792374
0.500208001669125
0.500362880301729
0.500182313532457
0.500751582254934
0.499931019189417
0.500847469885135
0.500537242525054
0.499593741488126
0.499358841292458
0.500597707293986
0.501004957248523
0.499985009826634
0.500087460078363
0.500298741451937
0.50032088217483
0.501119103048921
0.499823406275275
0.499058308375107
0.499501388708518
0.501850908032946
0.500326407017332
0.50077118584922
0.499745889732961
0.499566510170668
0.499211135949424
0.499901719165136
0.500205728402563
0.500404765363915
0.500460226344067
0.499431185363119
0.500884007264569
0.500026414133613
0.500004506744423
0.500541174064807
0.500334550082732
0.500541353878263
0.49990174876661
0.500195891505757
0.500237710681781
0.499544305302594
0.499865507329375
0.500508030757715
0.500649097507332
0.499997442815815
0.500121189700049
0.499690438674354
0.499940026671935
0.500412487366592
0.499855142689243
0.5000582000862
0.499479431502385
0.500180859337259
0.49941275271546
0.49963926392312
0.500389255463627
0.500395493691092
0.500348679658415
0.499553008500325
0.499175130561028
0.499040773412282
0.500245387833614
0.499269307496694
0.499617978859425
0.499077083711659
0.50053456521195
0.499400039574428
0.499871546822408
0.500329908320337
0.500164813028585
0.50049911126815
0.500219827201335
0.500355298706325
0.499399741396893
0.498732225966599
0.499959506523571
0.500092973911524
0.499526868890314
0.499815643890101
0.500408976585194
0.500110394469131
0.500055960807133
0.500493521625903
0.500479855968563
0.500154938963446
0.500622798450419
0.499680116672297
0.500047794927816
0.49957890205281
0.500549173813756
0.499224526917351
0.500176926965113
0.499183171644771
0.49957386827549
0.49991358564958
0.500080879591131
0.499394045136835
0.49905990486296
0.500567709173424
0.500335347722488
0.500237515549446
0.500407527266234
0.499760960519349
0.499551078874472
0.499390143374834
0.499956567920822
0.499454112395622
0.499689547979627
0.498714999365783
0.500353048080757
0.50096833236312
0.499546769371364
0.499621120800821
0.499533975714961
0.500429051827701
0.499414892835554
0.500637542943842
0.500058255600447
0.499324931330412
0.499920369469121
0.500347010733157
0.499738033597654
0.500631495638352
0.500043919957635
0.499571908586514
0.500105075219633
0.499994158894039
0.500765178424358
0.499692067840689
0.500091119012029
0.500293736728152
0.499255671310905
0.500256407700078
0.499432748421741
0.499695179124444
0.500279869690032
0.499395897695327
0.499966729894457
0.499857043795463
0.500123816403828
0.498998832593022
0.499111286490313
0.500444685198791
0.500353719667818
0.499905875652933
0.500610019186381
0.499086378218869
0.500358591262615
0.499909865357375
0.500277167426587
0.499287819153004
0.499530910073751
0.499541831468296
0.50053780259299
0.500818174015118
0.500064023252148
0.500140942028705
0.499561161196925
0.500550050005771
0.500603159742881
0.498788213359421
0.500367671253351
0.500328999734816
0.49933266171913
0.500065703716159
0.500051674313504
0.500403015586192
0.499429479119128
0.50057524000888
0.500766422057444
0.500230818676682
0.501421037578075
0.499556959166616
0.499880279160479
0.500384787497262
0.499933689233684
0.499855829246688
0.499905323196915
0.499874617192737
0.499928707421132
0.498716214708536
0.500848623138461
0.499933459143343
0.500395058889042
0.500372085434628
0.500671243570409
0.500298942202852
0.500371281930496
0.50007881631805
0.499799076501326
0.499475306161276
0.500677905979834
0.500214022293875
0.499717662819222
0.49954200042965
0.500929563692347
0.499865666483705
0.50025390378931
0.499690923987008
0.500001234592303
0.500240990467196
0.499485875012871
0.499975594885487
0.500990192037287
0.500107699719448
0.499673740858033
0.500503532436395
0.499293008045286
0.500139677911718
0.499968644575476
0.500024202044529
0.500072496468045
0.49948775526183
0.499878444054015
0.499626052557546
0.499934577685345
0.499672321179551
0.500175783085694
0.500412795302329
0.500839591417069
0.499966595440746
0.499471753905175
0.500613673892216
0.500318113156005
0.501134395501993
0.500271588863935
0.499648378596047
0.499298909591615
0.500166513067753
0.500168276206261
0.49911931140073
0.500221777386165
0.499970098911749
0.499252052938781
0.499835753326523
0.500340061404478
0.500754534828944
0.499246415849179
0.499407499999252
0.500247737724245
0.499880868117827
0.499400867574366
0.499375576470373
0.500085273889992
0.499980256984519
0.500328352770499
0.500161654053198
0.500383670263518
0.499823175053537
0.50011424109584
0.499579969645839
0.500713432119313
0.499317127747966
0.500553105146176
0.500205828000635
0.500479846377993
0.500593985552019
0.500006394739787
0.499962779648791
0.500195526166352
0.49965670895283
0.499647234069106
0.499654265637979
0.499607654675821
0.500098584482776
0.50009083814231
0.499945291884963
0.499076210144318
0.499614735256422
0.500029275347794
0.500435190295679
0.499731960413094
0.498995832860051
0.499667237084614
0.499966580764587
0.500013481065979
0.499817352024805
0.500021771340159
0.50006926231755
0.499526348228601
0.500712179846257
0.499677578213286
0.500805615380862
0.499722463269057
0.500637376580835
0.501070291281629
0.498751258837679
0.499124922903788
0.499499579962368
0.500512414233418
0.500008470437705
0.500048597495143
0.499362695990662
0.5003060455951
0.499432802210455
0.500243330926054
0.500256577605191
0.500114028546134
0.499824037510993
0.49992294766423
0.499550603406455
0.499599475824263
0.499926691682184
0.499230471125869
0.50002807704217
0.499904184980338
0.500124251478419
0.500634313020364
0.500491983410634
0.499746794739681
0.501318461909632
0.499931505398926
0.500430260071946
0.499640878516936
0.500183750670302
0.499752699771457
0.499431424647206
0.500636716711723
0.499817789755105
0.499361252212563
0.500933727992555
0.499627650661351
0.49949670604165
0.500003393284868
0.500214782009051
0.499515486550368
0.500087808772592
0.499329159895443
0.500372389689773
0.500052067254548
0.499748003690857
0.49997054219928
0.500558124361456
0.500211916569763
0.501162236882935
0.499677437235061
0.499756749702143
0.499653822391845
0.500724985424974
0.500258399454218
0.500281562486114
0.499246820702369
0.500551743094461
0.49926913200238
0.500419678779421
0.500516429471773
0.500108590436263
0.500079411265758
0.500133096193084
0.49976469747885
0.500726650729103
0.499403745644126
0.499112275207354
0.499889428766591
0.500512912478623
0.500087323843781
0.499384405747468
0.500040398586628
0.500615089041573
0.499424795834546
0.498502901114451
0.500045527630096
0.500007117716333
0.498900273693055
0.49977249496466
0.50039821229339
0.5004360547864
0.500128450024114
0.50034260792016
0.499475708429305
0.499069248893131
0.50104575702343
0.500184488622206
0.500529387460217
0.499360910965893
0.500038099502548
0.499602842662642
0.499266547777625
0.499907780181588
0.500206182169983
0.499833599686533
0.500480333429749
0.500115379541302
0.499062474754854
0.500946588626826
0.499639568076608
0.500553229161368
0.499764158561884
0.500438341810228
0.499261186498328
0.500935806077016
0.50007960228864
0.501262015728217
0.4997873590042
0.500179815735863
0.500244168363049
0.499813931410028
0.500502243489618
0.500504331753711
0.500365064153639
0.500038295468088
0.499551051811375
0.499422372460259
0.499803666604646
0.500265354604691
0.500521223607892
0.500021742356152
0.499733023479152
0.500350158465677
0.500020143725296
0.499710339035798
0.500863555278034
0.500676429593867
0.500786995384705
0.499608520841144
0.500075287783543
0.499814546302165
0.499907400355058
0.500616573322731
0.500070032962185
0.499993147425661
0.500298547567814
0.500222647673815
0.49963108952004
0.499350005985641
0.499964880880367
0.500084940642711
0.499725569718084
0.499574254022589
0.499655162186336
0.500592506214909
0.500056787857856
0.498946082588136
0.49982522028306
0.500303893747336
0.500229945962255
0.499232286518612
0.499987407279477
0.500217613169717
0.499690327440117
0.500022751875794
0.500237171940625
0.499990947286457
0.49952565582278
0.500539822915638
0.499352909840969
0.500541614269683
0.500054773710483
0.500477806548121
0.499653499769646
0.500224819814547
0.499935396715349
0.49966480647896
0.500001047945349
0.499888391210481
0.499506827341308
0.500083210335464
0.500117032883886
0.49988559651395
0.500846328066224
0.501047988752252
0.500021399546168
0.500117953312279
0.499875156947813
0.500895933231929
0.499985449987301
0.499489031604751
0.499908701706279
0.49985668173145
0.500203771323949
0.500708442049944
0.500024527388527
0.49943649131872
0.500850485797876
0.499224492556967
0.500136569997034
0.500009343125608
0.500233791882419
0.499126003809966
0.500504373036003
0.500234166250141
0.49949997140058
0.498852609509702
0.499633698942579
0.49933766180552
0.499407293290442
0.50055048162365
0.49976763829673
0.499937331065321
0.500372272926243
0.500344552840525
0.500421067817968
0.500135810158311
0.500274517367054
0.49897824341716
0.499885841946321
0.499912416722266
0.499470906985569
0.500160509698127
0.499626741915526
0.500506647625339
0.500377014217084
0.499156029357131
0.500147186427385
0.499438233733995
0.499302098501536
0.501063768967913
0.499178949460371
0.500429905883478
0.500456900631522
0.500161388947445
0.499811230695274
0.499438644217092
0.500172821886699
0.499892012689121
0.499348246683826
0.498712669614407
0.500367661525375
0.499635234054228
0.499737196139923
0.500157223645237
0.500247609933794
0.500241339048392
0.49934152033638
0.500486542235931
0.500370148139139
0.50050666594643
0.499761121366253
0.499809591350325
0.50045087112038
0.499694430834838
0.499309868283325
0.499567933259605
0.500740577099618
0.499570240588261
0.500374947420079
0.500284255363625
0.500222737123969
0.500601711032278
0.499866741191639
0.500032633515671
0.499756354971532
0.499458999036994
0.500236632500016
0.500319501046068
0.500220084449996
0.500376275115573
0.499822005177289
0.50070938253536
0.499929542026777
0.499986348600144
0.499565033774133
0.499798932041322
0.499698023372615
0.501343639731705
0.49994044098566
0.499959239152018
0.500511604582073
0.499481493125051
0.500123850866502
0.499894574449923
0.499911697683969
0.499820925227821
0.50062482838878
0.499935129554754
0.500487909699493
0.499665565521871
0.49972707452774
0.500066640297549
0.499567546321587
0.499881065595746
0.499716161499528
0.498918789339726
0.499876707466079
0.499319870296264
0.499019137246711
0.49907948687533
0.499324165402237
0.499687429296182
0.500345007354934
0.499778236551287
0.499682730307847
0.499270352883695
0.499980651640711
0.500355079075601
0.500092605710444
0.500019145292876
0.500245642218501
0.499589497247454
0.499995713291759
0.500644825006511
0.500660982957513
0.499977899151009
0.50062522724564
0.499575683643437
0.499420213595643
0.499265103377782
0.500696954740189
0.500107163729519
0.500135953542833
0.499496053617021
0.499841028425816
0.499736408598547
0.500146577363792
0.499737944586674
0.500414929045858
0.500087859770384
0.498826112694519
0.499377357246642
0.499420988243541
0.499618927331378
0.49983812379981
0.500589652651502
0.500584999764971
0.500473799611785
0.499754938707139
0.498781516883724
0.500109390567436
0.498752827319806
0.49979597100176
0.500237847636008
0.499665086364122
0.500038640095702
0.499668505448874
0.500039794196577
0.500215805606193
0.500399834801494
0.498897146938796
0.499602652545098
0.499236118109714
0.50067817436712
0.499674461775208
0.499929612723744
0.500507264509142
0.499243307173155
0.500222440295667
0.500037600914026
0.49961318062428
0.499192810459199
0.499740741319897
0.500650975151929
0.499802729050548
0.500089840662581
0.500413306461727
0.50062805310662
0.499739160652111
0.499799136489815
0.499672890974595
0.499876211167463
0.499962758296317
0.500382266039541
0.499375262342946
0.500703305463964
0.50043777127335
0.499578594659191
0.500661946940869
0.500013128737517
0.499542800135505
0.500818871573343
0.499826658830838
0.500022158501921
0.49968564788767
0.49979261342635
0.500033692118373
0.500428989828927
0.499982894180824
0.500021337362799
0.500596916311765
0.499547083105132
0.500641109283311
0.500359315532445
0.500983372286622
0.499464469796052
0.499608574036921
0.499927333873689
0.499018377000999
0.499748300343936
0.500460037688206
0.499444078769425
0.499908354463682
0.499935294954075
0.499067295742213
0.499329425397964
0.500503485399883
0.499989301665615
0.500106901636884
0.500180076972918
0.500848132979533
0.499587240805262
0.50054610579688
0.500069503778905
0.500057757901997
0.499392304216739
0.500424113801495
0.499568285569653
0.499984841189372
0.500232077745876
0.500077088244495
0.500978483959449
0.499507384269537
0.499953158360737
0.500847562083248
0.499773219276179
0.499602882520184
0.500574328979505
0.499779811992244
0.500713609895209
0.500119908641464
0.499172872371386
0.500565455762221
0.500075177304977
0.500058637011768
0.499583248720896
0.499852784895779
0.500082966255862
0.500003482136908
0.499852132651994
0.500309659161338
0.500017687683173
0.499826526979457
0.500050116155715
0.500187025857839
0.499916232439243
0.500055609670558
0.499589056497781
0.499986031140286
0.499760652927386
0.500132799036312
0.499410514612691
0.500678011889248
0.500117229652827
0.499839261899874
0.499647472758132
0.500039131996149
0.500183349710197
0.500515667311605
0.50030225516973
0.500428857187481
0.499693461960247
0.499999701722098
0.499958167290955
0.499838277447286
0.500436421300038
0.500723535052365
0.500475203204114
0.49980214008641
0.500359611929895
0.499877609396749
0.499937199562947
0.500778943560968
0.499974005751834
0.50007775554116
0.50067570165055
0.499105549581532
0.500427672405669
0.499967483232867
0.499928137434577
0.499996471814818
0.499752004818017
0.500586177007769
0.500681495774347
0.499680942193704
0.499912094312264
0.49990806261745
0.500538876764575
0.499826919374427
0.500979244459954
0.500372909518937
0.500302065032707
0.499826001773086
0.500224166609388
0.499556117127766
0.500484078214588
0.500482411962341
0.500302298674035
0.49989472139323
0.500308084540498
0.499259321568494
0.500272329770976
0.500116365230516
0.499998996922746
0.499540359910241
0.499997028813621
0.499630358817232
0.500582039023757
0.500319725106871
0.500163288867953
0.499854809748805
0.500785074937028
0.500065499430991
0.500522702196047
0.500401635550365
0.500043605660737
0.499740611061092
0.498842299873818
0.49967624328192
0.49952243185068
0.500442483552624
0.499645577252132
0.500297350928343
0.499582496840574
0.500182282281739
0.499973997442029
0.499332067949584
0.49959261473201
0.5000691070877
0.499171859699849
0.499715349430548
0.499973206793812
0.499260825099681
0.499960578901375
0.500245214207075
0.501193488770544
0.499700252060138
0.49957433176976
0.500985606553089
0.501095968684853
0.500297951167361
0.500927787177601
0.500939668381631
0.499883341127545
0.499095473448893
0.500177113087653
0.500726730038839
0.499943731376845
0.50031624914556
0.500271129075771
0.501187051435925
0.500351512093857
0.499382556318935
0.500012840384124
0.500215377270406
0.500302518143042
0.500102785353182
0.50025068444037
0.50127044740417
0.500296483572121
0.50119860082756
0.499463209632793
0.500602255469654
0.500129784159574
0.499967395378639
0.499965181417077
0.500211911571946
0.499656133851051
0.500354361245306
0.500244183294931
0.500337066048695
0.499663149472014
0.499633549130347
0.500851205023681
0.499608641036395
0.499645813564055
0.500744721165716
0.50053741482386
0.500678271041983
0.500014382331597
0.50048596795295
0.49990875793062
0.500298395149744
0.500152243952775
0.499949517986966
0.49975304159911
0.499561455131439
0.498985458355958
0.500181426985756
0.500244512076811
0.500580727764609
0.499642078883133
0.498885535281773
0.500376757714485
0.500209270123325
0.499465596503364
0.499762793520508
0.49953098358392
0.500260233666917
0.500271495346492
0.500996832797147
0.500700439628078
0.501081529118684
0.500886817363662
0.500991807071513
0.500576384869501
0.498893476068675
0.50076345174783
0.499813945197177
0.499819241669821
0.499633560821997
0.499584615426669
0.500078802268771
0.499530377023842
0.500275884286085
0.499968021300819
0.499665417357544
0.500336187166089
0.499588993874726
0.499596677879982
0.499814431015896
0.49941139168046
0.500163664979485
0.500747154009332
0.500531516694827
0.500362049402477
0.4999261186891
0.500890177524811
0.50017391302164
0.500139260150206
0.499248013475551
0.50000263110639
0.500574972027222
0.49935029971456
0.500492095799232
0.50005512784817
0.499959924427534
0.500107602342078
0.499646215900137
0.500219835166647
0.500566847016743
0.499935522339307
0.499067964941445
0.499644500239275
0.500631571891424
0.499752847102793
0.500676854746852
0.500141925543691
0.500316004821754
0.499758383753391
0.500660822534956
0.499428728870212
0.499404968068553
0.500174997539111
0.499760279748676
0.499073615347382
0.500518759864049
0.499772653801981
0.499827850698114
0.499911509894516
0.500056853847888
0.500691453102841
0.500350735214999
0.499932810743218
0.500457923952072
0.500134873817595
0.499357322902435
0.499817882168049
0.499951374754743
0.499206234062593
0.499585721525772
0.500227209087859
0.499468901433894
0.500655286248042
0.500048385704934
0.499497752783252
0.499615878563928
0.499497854949859
0.500265918721548
0.499723603503669
0.49996553427967
0.499556356692144
0.499333244356868
0.500218757662898
0.499043393549113
0.499992064863721
0.499961224548418
0.500247440075837
0.500057794414927
0.499437772776505
0.500739763063963
0.500589397712346
0.500377672435584
0.500328183813888
0.500109630152484
0.499806113102101
0.500334968185836
0.5003236279391
0.500327800743403
0.499535954886944
0.500168428784898
0.499396069940256
0.500242195822401
0.499635756194354
0.500013273581231
0.499096553079229
0.500099937265679
0.499661054172307
0.499056311193943
0.500311423273466
0.500030816499716
0.499282040318635
0.499193237208107
0.500434795323813
0.499948547967502
0.499741266385475
0.500610201687847
0.50054956615166
0.500065291519125
0.500683358066681
0.50011847214061
0.499704635149034
0.50005576561847
0.499826185880555
0.500251027133087
0.498692195694163
0.499746421383367
0.500048706460731
0.500360984260441
0.50021403450451
0.500211572879521
0.500450330487033
0.500332516909689
0.499964253138177
0.499657104782665
0.500162588129937
0.499761011373683
0.500085732600711
0.499069666634519
0.500172720225685
0.500222442742028
0.499398339921093
0.499629845669525
0.500249208877713
0.500838151964944
0.499919418052312
0.499364458560762
0.499284955068005
0.499368047753868
0.499196651899435
0.499626806883857
0.500166476732595
0.500149634852741
0.500568032255224
0.500223264225076
0.499892667234582
0.500208579406681
0.499772024085373
0.499883182767249
0.499190911643763
0.500332342972859
0.499743137947026
0.499867014002114
0.499722191270556
0.499434705414274
0.500885185952945
0.500248406825091
0.499093379474905
0.49981068498489
0.50062880654127
0.499195370196828
0.499556791528776
0.499841716000884
0.500063675968019
0.499802170800172
0.499932339496203
0.499925301819726
0.499753596151257
0.499828383686249
0.50055530218235
0.499658080226594
0.500274480452824
0.499894318008972
0.499142432975856
0.499701351260958
0.500342652703137
0.499870982752247
0.499958779299754
0.50012531575276
0.500524815397002
0.500329223734077
0.500526306400933
0.499099628811676
0.500689212701946
0.500749832080982
0.500386259097388
0.499571724642917
0.499510258163458
0.49958034787424
0.499910085503457
0.499497238168902
0.499133145058971
0.499154282722975
0.499517396864128
0.500011099420963
0.499856248272423
0.500364689224039
0.500051117268676
0.500230037590072
0.499121379817565
0.499989345987881
0.499366697686254
0.500022847750822
0.49993783210941
0.500431822311467
0.499785173502606
0.499469141579763
0.500544441896248
0.50083088419973
0.500201168294583
0.500000125332666
0.499756622095288
0.499857901922013
0.500375794101812
0.500617533487835
0.50117049324166
0.499791113958847
0.499719287846424
0.499668750118307
0.499764429869315
0.499760777178842
0.49986685773575
0.500104118698708
0.499877848488676
0.499991698022303
0.499247792745095
0.49906836908097
0.499626761471697
0.499766902698036
0.500220369635197
0.500394021666785
0.49969591945437
0.499380377237585
0.49968218324573
0.499563874565848
0.500231720282865
0.50011992736518
0.499108214032975
0.5004229669969
0.499975156870484
0.499378053007654
0.500380303494329
0.499830699131505
0.499238344139007
0.500253395799608
0.499092196662638
0.500309387421252
0.499657584274004
0.500091356363959
0.49976184295303
0.500365833325459
0.500120913420481
0.500587305358507
0.500150720976612
0.49963798909191
0.499971557374711
0.500482535892933
0.500266962569912
0.500596754469896
0.498946029942256
0.499373622693143
0.500529459710002
0.499436458117347
0.499756895726712
0.499960515608286
0.50008753875386
0.499294375065946
0.499863751955135
0.499614253722852
0.499952316273053
0.500391549941336
0.499808311451828
0.499555661775496
0.499541871069489
0.498936875736247
0.499413701448864
0.500206229293895
0.499479927734878
0.499953430112273
0.499943650635307
0.500326977341587
0.500156861482628
0.500420154697337
0.49984547211658
0.500092045200969
0.499631313455753
0.500409838780301
0.499883994528111
0.499753197577241
0.49975276321264
0.500340457796745
0.500604159251753
0.500563607605418
0.499497709355767
0.500558788950406
0.4998901062187
0.499744834513897
0.500177503496389
0.499743964694877
0.499483838147024
0.49976058963329
0.499381214599259
0.499450860704695
0.499765774363471
0.50081658524609
0.500210353320857
0.499626838616138
0.500451275158632
0.499689126925233
0.499755024588713
0.500124513309696
0.499679387040082
0.499380302344953
0.499441734975538
0.498933478974381
0.500037303572281
0.500039866719181
0.499965423757713
0.500137439899613
0.499384874299477
0.500570228534447
0.499785344240924
0.500111214932771
0.499789744569478
0.499199003166567
0.499700896898007
0.499603944364227
0.49954770678964
0.499968967304631
0.500083455508243
0.498983140911356
0.499899872045013
0.500410128178904
0.500674365046791
0.499226110360974
0.500485041200441
0.499903755724973
0.50051193506776
0.500298830330935
0.500362476840829
0.499858900737368
0.499788354231978
0.501110262657541
0.500505050679444
0.499656959799351
0.500059650963425
0.500005761259515
0.50004151814154
0.500207314680781
0.500316741955829
0.499285778727036
0.499094109052146
0.500149737143576
0.498976523736568
0.499771787269354
0.500191047455816
0.4991446611942
0.500218862904644
0.499783305566873
0.499021489938657
0.499004204782644
0.499401485893157
0.499602954598406
0.499403826818111
0.499698334329467
0.499641401314375
0.499077752198301
0.499902536965759
0.500047937931152
0.499772820923777
0.500423810929176
0.500327802555077
0.499373386516665
0.499457165227438
0.498853904688792
0.500483998775631
0.500618262393341
0.500669765764551
0.499648531540428
0.499295368916334
0.499756325264007
0.500668500769746
0.500555142792384
0.499869346054257
0.500185616703997
0.500365653114282
0.500672787054325
0.499191038047915
0.500023549619984
0.500034168042356
0.501253728145513
0.499390546848777
0.499983545072636
0.499161867605963
0.499885079871196
0.500211265802207
0.499669985242261
0.50000401231614
0.500523900915823
0.499918750080476
0.499938666938696
0.49983969826396
0.500521651607999
0.500100711568118
0.498781594909633
0.499699689154288
0.499423236287276
0.499691974545309
0.500424177782106
0.500435174082993
0.500177206535905
0.500177119187606
0.500437522446746
0.499793086394605
0.500559777078628
0.499626653203901
0.50024761614909
0.49976616557726
0.499700628292258
0.500002332339091
0.499290028435202
0.500625357921949
0.500432870799286
0.499222920937769
0.499999079335151
0.500742406774558
0.500227755473922
0.500065776090496
0.500863749211027
0.500031073538533
0.499998647896043
0.499656798619325
0.500045258937128
0.499293439343519
0.499706475865068
0.501272007403657
0.500533686897672
0.500234300241104
0.499750038759095
0.500317397702598
0.499382745561828
0.499616687929487
0.500383742914747
0.499830819676483
0.499489684416206
0.500146462456577
0.499051675339435
0.499816721680063
0.49952979422122
0.499903167265353
0.501017797125572
0.500298081352326
0.49999686589006
0.499729226102751
0.500086633374565
0.499929442240311
0.500216398667491
0.4997143603714
0.500580310874362
0.499525565921015
0.499855589757446
0.499386940374525
0.499355926925662
0.500559912679765
0.499512433730234
0.499972442560797
0.499893475045193
0.499658564448327
0.499223879088894
0.500169990744622
0.500476956390372
0.500406656547175
0.499316398185973
0.500142330164133
0.500028909983418
0.50003908733938
0.500596376480683
0.499843688832343
0.499667257082808
0.501092190899832
0.50114825979022
0.49932400043509
0.500036214914638
0.50035806764385
0.50067150488914
0.500792224150165
0.500559074831802
0.499105345445079
0.499148045331313
0.500670976479265
0.500294302642048
0.500053760349206
0.499808589723477
0.500322584362322
0.499381852051667
0.500037484135996
0.499628509921692
0.500125715725865
0.500019523232393
0.499857942248569
0.500649620701946
0.500219915234093
0.499864993171007
0.49959513118326
0.500701125634866
0.499205514048214
0.499747386897618
0.499855796212142
0.500289683144087
0.500988532914769
0.50041230602981
0.501223573639975
0.498970239323908
0.499384214460687
0.499101349962666
0.50047567070021
0.500551535505099
0.499845227706395
0.499461252587188
0.49958373590733
0.499824263621275
0.499814724617872
0.50016845525431
0.498881753506054
0.499670009622509
0.50008541237102
0.500226518031481
0.500528079278913
0.50035690148866
0.499495189084678
0.500734945525584
0.500632801356442
0.499860878340545
0.499079321242748
0.49989910611382
0.500109221105194
0.501213810268205
0.499550432003651
0.500268627121478
0.49987346069821
0.499527355274077
0.500689559536182
0.499581768899474
0.499970670155612
0.500578265224033
0.500866828754825
0.500444415636236
0.500189548148266
0.500487969406737
0.499723173349901
0.499753155875013
0.499070063378678
0.499207629119236
0.498831879425399
0.499686969759766
0.499937582405413
0.499764571150717
0.499795668892316
0.499745288191051
0.500235541295877
0.499988913087729
0.500583653324939
0.499648384550135
0.499725524506921
0.500347504870266
0.499511002000696
0.50003331541099
0.499301197112999
0.499980985853852
0.500070402187681
0.499707849587758
0.5002806609101
0.499148687193234
0.499642194893778
0.500520360692675
0.499522436317253
0.499707920948416
0.499778988248956
0.49987522903639
0.499899925222721
0.500187195269868
0.500235748688667
0.499118260445401
0.500080314411731
0.499381419813753
0.500466420854762
0.500710112901154
0.499806494227504
0.500083341718339
0.500003230978999
0.499066121890487
0.500269269019563
0.499821106225723
0.49955491114628
0.499921389850007
0.499442727698407
0.500108036481078
0.500047016303745
0.499689384665716
0.499902316319182
0.500754438982172
0.500119249109451
0.500203347978907
0.500772518861716
0.500518116516069
0.500663953495149
0.500168242224675
0.500456154361514
0.499535791835344
0.499566965258004
0.5003455790488
0.499586193466978
0.499973287774011
0.500190338058475
0.500542585568066
0.499356990580192
0.500641485187439
0.499713868690037
0.500048536062236
0.499543927900823
0.501017335470047
0.50014750647149
0.499419235235225
0.500284385843324
0.500117289574737
0.499533233557092
0.498989032067661
0.500406701737169
0.500263138731202
0.499597735834306
0.500283717658025
0.500106541467753
0.50021270416168
0.500415802430453
0.500988087130297
0.499873463488705
0.499720307250252
0.499918419381176
0.499855151724701
0.500132451845641
0.500231271182309
0.5002985670297
0.499854692653938
0.500544387054311
0.500233678490548
0.501227531821729
0.50058565975395
0.49990727654167
0.50066814656327
0.49914168108777
0.499336625423563
0.499993679048441
0.500101203419294
0.500475270824097
0.500367902509076
0.499776060912146
0.499787820893402
0.499492789112967
0.500161037123159
0.500212291354873
0.499307717721905
0.500499024930402
0.501171475831085
0.499625963230735
0.500186640285007
0.499407277381477
0.499920584988165
0.50007072287071
0.500061428627161
0.499153037044978
0.499334965850856
0.500423493705712
0.499489109806473
0.499774322602523
0.499754020373415
0.500509056947112
0.49946759125076
0.500017214021208
0.50019332970622
0.499920275981739
0.500350590777305
0.500029806975104
0.499786437617378
0.499113590766499
0.500229292316403
0.500512476676205
0.499941493619971
0.500217797402887
0.499406845369646
0.499741596478489
0.500411879952625
0.499760081203661
0.500634735328499
0.500379717827523
0.499816206497846
0.500321427646262
0.499885155912184
0.50034905345119
0.499567498384411
0.499624914802977
0.500095871422436
0.500278708932188
0.499526860291505
0.499350249444296
0.499789483349706
0.500659002886935
0.499679909742681
0.500217711926235
0.500150756513092
0.500012204228241
0.500411158986674
0.499663082280698
0.500257311205189
0.499458682076365
0.500133299563042
0.49946074356528
0.500040267491082
0.50086683448172
0.500528748045929
0.499426532665872
0.499987396570559
0.499229744766391
0.500296262962969
0.49996483661497
0.499959291100094
0.500593276621033
0.500382409955971
0.500472165947785
0.500357982166901
0.500211487441884
0.500270295662109
0.500111218387631
0.500216859376037
0.499127393543439
0.500254832100859
0.500296219898922
0.500125991118169
0.499782208619533
0.499821612624879
0.50035329820755
0.499543647358299
0.498784419419672
0.499334521478682
0.50023169133318
0.500160948938268
0.499875138599174
0.49997191086461
0.499573717393964
0.500434143249012
0.500506538468046
0.499797186619305
0.499340794421752
0.500058300925982
0.499969787728696
0.499757500340998
0.499494127286031
0.499693574961283
0.499740190796628
0.50003955049649
0.499509662221684
0.49992709976403
0.500996716409836
0.499756460249077
0.499586145484686
0.500065537451276
0.500726114599397
0.500545360269329
0.500128021964243
0.499407424985024
0.499765061327944
0.500732070132621
0.500232253126504
0.49959918947546
0.499007778878208
0.500449240367285
0.501062039502234
0.49971784558823
0.500192326599753
0.500177207963218
0.499833507352043
0.500420823164975
0.499764975416377
0.500330674915879
0.499890048275112
0.499326692333596
0.49980162457471
0.499992705364709
0.500007263740867
0.500334909709028
0.499437422015141
0.499846907789378
0.500077550681907
0.499797290547566
0.499554207130895
0.499911523927123
0.500380995220429
0.499589221651605
0.499280860843728
0.499877105104453
0.500068728614546
0.500599043052506
0.499897960123939
0.499541102185022
0.499212981739146
0.498886400582988
0.500040884383605
0.500294119691322
0.500367429927758
0.500345253596469
0.500177178972767
0.500063553586078
0.50023063783954
0.500624741552809
0.500507183604067
0.499904392869992
0.500255033143007
0.499851551431169
0.499991595462388
0.500338358333228
0.500348055722813
0.499250792598446
0.500127498962402
0.500274718087223
0.499104434716955
0.499849298541656
0.499792083714424
0.499600724389363
0.500004099813155
0.499238370207995
0.500009653738574
0.499877151926852
0.499923988759112
0.500609146239559
0.500665210420996
0.499786153554671
0.501295097748335
0.500049413509609
0.499806923398176
0.499748720075747
0.501163373011153
0.500404470010521
0.499884210297191
0.500711225540947
0.500332218826941
0.500454481461086
0.499234423648055
0.500011590646203
0.49978040800935
0.499700241240533
0.500004472982461
0.499734860308857
0.499477414503529
0.500557288976711
0.500422736390361
0.499642615931194
0.500288827529873
0.499677795008412
0.500198694139263
0.499608126236948
0.500416844431211
0.500486521424081
0.500301883581991
0.499707179978972
0.500435204298531
0.500177336822695
0.500438868363658
0.499766240496653
0.5004921892121
0.499800690007823
0.499397594389345
0.499843056319228
0.499551546357187
0.499278366945833
0.500016151880414
0.500040714873233
0.499771470071219
0.500188164160694
0.49975133130064
0.499860217081661
0.50008065671495
0.499693951857562
0.500210962837424
0.500096966858998
0.500331255934655
0.500217482062935
0.499629246880388
0.499871699027535
0.500344406799742
0.500987807411126
0.500081474494066
0.500495928855705
0.500112881511587
0.500506093572691
0.500195398899207
0.500473851706884
0.499359208256294
0.499895687823662
0.500084282045102
0.500020024271177
0.499844305206441
0.500431795914704
0.499684668353626
0.499613980085597
0.50008998192413
0.499638413714892
0.500446028820276
0.500882491572327
0.500174877383527
0.499295397839446
0.500047847740391
0.500871855732862
0.49969701961092
0.500161355065085
0.49962463773852
0.499759168210904
0.500658411508454
0.499912576383377
0.500630577446883
0.50033618738503
0.499791740542735
0.499254567270785
0.500546539330916
0.500768740306137
0.500370111381708
0.500891843566264
0.499528769092777
0.49988588256552
0.500269656442648
0.499664092460331
0.499311203747615
0.500428571954517
0.500292590778632
0.500377580855817
0.499571896356803
0.500891344495608
0.498508321539303
0.500420630225208
0.499924477204303
0.49961367596737
0.499495250934065
0.499937877460426
0.499979703927875
0.500209525174832
0.49963543689651
0.499814191518867
0.500300042695392
0.499693867074849
0.500247180959585
0.499749480993253
0.499928877943937
0.499423962194309
0.500060163199472
0.499966273460269
0.499998937426069
0.500692404180769
0.500550654994405
0.498993592385815
0.49974130903054
0.500186233581999
0.500015475650863
0.499894561098954
0.499667555434056
0.500115249790957
0.500470621671024
0.49989018816578
0.499451517264097
0.500103602339914
0.500716799037412
0.500183108335251
0.499896076157492
0.499851955054659
0.50062882828265
0.500260941547016
0.499763128386016
0.50004798869241
0.500774455111253
0.499844828697499
0.500281010022399
0.499880886556293
0.49993947422035
0.500515604039316
0.500202530311706
0.499338796038291
0.499539786323752
0.49987830824883
0.500773655317848
0.499933731864255
0.500541541890417
0.499923671798147
0.500495929463723
0.500007998732303
0.499880147666099
0.501137301422051
0.499685192336969
0.500076019323263
0.49988110249663
0.49979927017939
0.499432550701265
0.500192965119186
0.499945295351262
0.500292992528814
0.500938739359032
0.499604916494712
0.500102327965985
0.499487758131861
0.500356053606395
0.500243437122926
0.500355088303739
0.500059364316365
0.499551298719233
0.499500766108527
0.499840280941783
0.499785635453587
0.500070767140399
0.499982385049029
0.499812762463378
0.500374556991653
0.499956934487925
0.499867777055301
0.499866039143766
0.499372077154263
0.500247879250642
0.50007335507949
0.499933129580455
0.500006884975742
