307
235
380
689
671
500
386
744
118
546
313
453
144
132
623
282
180
149
526
718
536
9
599
90
662
187
419
614
12
587
111
565
195
284
603
85
620
553
201
661
693
64
309
295
772
97
101
739
657
107
378
527
206
435
36
654
261
570
410
274
114
57
489
394
305
304
258
778
756
780
426
485
559
736
306
676
350
710
357
741
566
579
569
415
27
80
722
445
552
234
236
395
669
166
364
152
584
51
598
507
331
302
775
540
271
673
525
518
212
704
157
457
320
487
675
514
641
537
88
89
509
94
628
277
512
6
332
652
391
636
499
205
131
535
63
548
72
184
416
590
779
712
591
508
490
376
288
707
405
798
229
506
714
461
382
170
452
384
292
433
745
333
774
719
596
481
425
31
701
640
322
515
41
748
446
279
672
239
629
390
241
136
176
267
474
733
685
362
179
750
493
609
605
209
100
734
658
210
171
172
428
165
402
442
329
484
422
139
785
752
624
260
351
186
161
78
121
709
216
690
324
29
46
301
321
613
549
154
318
337
639
544
125
482
698
626
664
349
45
240
249
694
303
717
5
23
22
612
589
104
18
207
615
606
642
588
716
39
646
33
96
20
203
728
575
389
189
14
663
317
164
310
713
190
352
721
219
325
520
133
156
400
371
343
297
70
696
680
13
637
554
551
742
370
137
582
367
48
296
674
618
558
438
28
404
645
220
69
583
737
437
21
225
84
682
773
4
621
314
226
627
434
505
254
510
215
511
692
764
140
76
181
396
418
731
49
517
251
66
150
151
429
366
691
40
159
16
387
539
784
533
677
74
458
168
122
327
478
148
765
339
81
300
799
199
462
541
702
221
568
688
631
749
67
447
638
311
47
477
368
601
795
24
182
723
443
576
266
650
751
594
720
347
53
52
126
580
87
197
112
